0 0.02967274 0.07743989
10 0.02849939 0.08056566
20 0.02834658 0.08428211
30 0.02827961 0.08279178
40 0.02826029 0.08256312
50 0.02821842 0.08324452
60 0.02816358 0.08333164
70 0.02809314 0.08385958
80 0.02805023 0.08343919
90 0.02791331 0.08357913
100 0.03139829 0.09857190
110 0.02893596 0.07858071
120 0.02812974 0.08249331
130 0.02826788 0.08548459
140 0.02816185 0.08213789
150 0.02812652 0.08297165
160 0.02812432 0.08365368
170 0.02811143 0.08295911
180 0.02810114 0.08323389
190 0.02809258 0.08331789
200 0.02808374 0.08320682
210 0.02807479 0.08332963
220 0.02806578 0.08331386
230 0.02805659 0.08335444
240 0.02804712 0.08338895
250 0.02803716 0.08342051
260 0.02802644 0.08346678
270 0.02801458 0.08351659
280 0.02800103 0.08357816
290 0.02798561 0.08364181
300 0.02796921 0.08367962
310 0.02795221 0.08369419
320 0.02793074 0.08371288
330 0.02789720 0.08372622
340 0.02781420 0.08357225
350 0.02721854 0.08001764
360 0.02981433 0.09587995
370 0.02599888 0.08618286
380 0.02426830 0.07732373
390 0.02374845 0.07747215
400 0.02370144 0.07949841
410 0.02359271 0.07815184
420 0.02313361 0.07962953
430 0.02229043 0.07956766
440 0.02527402 0.08686001
450 0.02306920 0.07780369
460 0.02212237 0.07830086
470 0.02219669 0.07726312
480 0.02223326 0.07764915
490 0.02227957 0.07745586
500 0.02233723 0.07866483
510 0.02239083 0.07836831
520 0.02235443 0.07836669
530 0.02217369 0.07841446
540 0.02419942 0.07528781
550 0.02374020 0.08131348
560 0.02354033 0.08063303
570 0.02334218 0.07904085
580 0.02334294 0.07978938
590 0.02325948 0.08022857
600 0.02324819 0.07993945
610 0.02318230 0.08016066
620 0.02314337 0.08020590
630 0.02314057 0.08008938
640 0.02311693 0.08003715
650 0.02316586 0.08009147
660 0.02313205 0.08010259
670 0.02309331 0.07994444
680 0.02303684 0.08001016
690 0.02306670 0.08007105
700 0.02302076 0.08025303
710 0.02297259 0.08016470
720 0.02279617 0.08011011
730 0.02277380 0.08000433
740 0.02278166 0.08002199
750 0.02272774 0.07999635
760 0.02271894 0.07989105
770 0.02270237 0.07995327
780 0.02268967 0.08004110
790 0.02256389 0.07987452
800 0.02254237 0.07996462
810 0.02248692 0.08049366
820 0.02233784 0.07981431
830 0.02225723 0.07981241
840 0.02228005 0.08006649
850 0.02325333 0.08067115
860 0.02229514 0.07675549
870 0.02270045 0.07768694
880 0.02225462 0.08091597
890 0.02179897 0.07966052
900 0.02163892 0.07950253
910 0.02174773 0.08069560
920 0.02425212 0.07586154
930 0.02327001 0.08233911
940 0.02183254 0.07968292
950 0.02341238 0.07770966
960 0.02385403 0.07492615
970 0.02260063 0.07812373
980 0.02244857 0.07837302
990 0.02248692 0.07858540
1000 0.02263820 0.07918525
1010 0.02258512 0.07942675
1020 0.02249893 0.07951581
1030 0.02252603 0.07944174
1040 0.02243628 0.08007929
1050 0.02241633 0.08023925
1060 0.02227820 0.08070589
1070 0.02193485 0.08133338
1080 0.02190584 0.08225017
1090 0.02212385 0.08245657
1100 0.02165625 0.07898241
1110 0.02283727 0.08226485
1120 0.02195656 0.08214690
1130 0.02162042 0.07910643
1140 0.02126799 0.07928281
1150 0.02074404 0.07791203
1160 0.02041931 0.07834909
1170 0.02012959 0.07667229
1180 0.01960525 0.07767756
1190 0.02408157 0.07288545
1200 0.02234866 0.07844637
1210 0.01976169 0.07664564
1220 0.01954362 0.07581378
1230 0.02182467 0.07718149
1240 0.02229303 0.07935912
1250 0.02147042 0.07813267
1260 0.01923975 0.07480980
1270 0.01859253 0.07400239
1280 0.01798924 0.07432109
1290 0.01756021 0.07333583
1300 0.01731631 0.07202407
1310 0.01711650 0.07203583
1320 0.01691144 0.07193224
1330 0.01763528 0.07203399
1340 0.01713340 0.07225396
1350 0.01690045 0.07174616
1360 0.01676420 0.07181606
1370 0.01658663 0.07161975
1380 0.01651083 0.07154918
1390 0.01627005 0.07173561
1400 0.01618057 0.07201004
1410 0.01598176 0.07186060
1420 0.01598452 0.07227854
1430 0.01586145 0.07202707
1440 0.01572476 0.07168776
1450 0.01576112 0.07194523
1460 0.01575990 0.07218844
1470 0.01588424 0.07211380
1480 0.01570380 0.07183671
1490 0.01570885 0.07205256
1500 0.01609559 0.07239843
1510 0.01608344 0.07189336
1520 0.01597916 0.07308708
1530 0.01584991 0.07252934
1540 0.01572516 0.07127514
1550 0.01560524 0.07159927
1560 0.01558977 0.07159148
1570 0.01549007 0.07208754
1580 0.01551267 0.07207581
1590 0.01554579 0.07227158
1600 0.01545060 0.07215001
1610 0.01548980 0.07272500
1620 0.01536862 0.07211595
1630 0.01536456 0.07219153
1640 0.01552646 0.07292649
1650 0.01547805 0.07258992
1660 0.01545812 0.07216305
1670 0.01541750 0.07209612
1680 0.01549649 0.07169747
1690 0.01629871 0.07504620
1700 0.01641296 0.07064798
1710 0.01580944 0.07235195
1720 0.01592097 0.07143337
1730 0.01553466 0.07149885
1740 0.01516418 0.07141582
1750 0.01507453 0.07178815
1760 0.01501552 0.07193689
1770 0.01493596 0.07202980
1780 0.01495731 0.07221068
1790 0.01551097 0.07262710
1800 0.01499757 0.07258008
1810 0.01491009 0.07298237
1820 0.01492733 0.07272653
1830 0.01445243 0.07132755
1840 0.01510018 0.07186792
1850 0.01555186 0.07318993
1860 0.01533767 0.07098231
1870 0.01545040 0.07066175
1880 0.01675778 0.07272103
1890 0.01723942 0.07307376
1900 0.01716947 0.07355971
1910 0.01755480 0.07575937
1920 0.01745441 0.07470737
1930 0.01721472 0.07513108
1940 0.01695815 0.07254592
1950 0.01678552 0.07315962
1960 0.01671991 0.07326348
1970 0.01666982 0.07297959
1980 0.01662157 0.07335023
1990 0.01653758 0.07329660
2000 0.01642894 0.07344835
2010 0.01634533 0.07333218
2020 0.01629223 0.07346299
2030 0.01626311 0.07348656
2040 0.01620705 0.07352979
2050 0.01615576 0.07362920
2060 0.01613907 0.07394493
2070 0.01606987 0.07400991
2080 0.01603346 0.07326028
2090 0.01610396 0.07254083
2100 0.01598261 0.07321628
2110 0.01595711 0.07406115
2120 0.01587237 0.07379085
2130 0.01582203 0.07330196
2140 0.01583255 0.07420696
2150 0.01600778 0.07183485
2160 0.01574204 0.07252314
2170 0.01559138 0.07330963
2180 0.01668992 0.06952896
2190 0.01695495 0.07818405
2200 0.01615612 0.06932108
2210 0.01577431 0.07093668
2220 0.01519856 0.07297334
2230 0.01629590 0.06826068
2240 0.01981108 0.07326078
2250 0.01890221 0.07461905
2260 0.01759639 0.06957500
2270 0.01680684 0.07294336
2280 0.01623395 0.06979062
2290 0.01577049 0.06959119
2300 0.01438236 0.06726899
2310 0.01339423 0.06697118
2320 0.01786032 0.06539658
2330 0.01445936 0.06679906
2340 0.01336520 0.06752498
2350 0.01261190 0.06339133
2360 0.01158625 0.06397726
2370 0.01136951 0.06266514
2380 0.01215595 0.06103762
2390 0.01362883 0.06753790
2400 0.01138039 0.06517462
2410 0.01079328 0.06328602
2420 0.01012785 0.06325581
2430 0.00954570 0.06225936
2440 0.00908305 0.06169342
2450 0.00876051 0.06124338
2460 0.01105801 0.06137102
2470 0.01685929 0.06949932
2480 0.01387973 0.06781713
2490 0.01140140 0.06140730
2500 0.01045648 0.05960304
2510 0.00963941 0.05782705
2520 0.00907603 0.05717441
2530 0.00866555 0.05674381
2540 0.00881580 0.05467845
2550 0.00828321 0.05717625
2560 0.00823219 0.05494208
2570 0.00829386 0.05456741
2580 0.00819005 0.05779276
2590 0.00790717 0.05589151
2600 0.01042534 0.05333422
2610 0.02540815 0.07491632
2620 0.02182848 0.08687559
2630 0.01677989 0.06596030
2640 0.01470585 0.06397170
2650 0.01485333 0.06421179
2660 0.01287977 0.06236254
2670 0.01193081 0.05993389
2680 0.01126788 0.05762270
2690 0.00963851 0.05569257
2700 0.00859158 0.05658374
2710 0.00961896 0.06064439
2720 0.00821436 0.05656375
2730 0.00802158 0.05776032
2740 0.00766083 0.05689150
2750 0.00753295 0.05755473
2760 0.00735123 0.05725371
2770 0.00723838 0.05644286
2780 0.00719608 0.05627141
2790 0.00713008 0.05601358
2800 0.00719596 0.05722200
2810 0.00704913 0.05698948
2820 0.00684700 0.05652485
2830 0.00718382 0.05807222
2840 0.00704620 0.05700764
2850 0.00681802 0.05660876
2860 0.00671761 0.05708247
2870 0.00661540 0.05689503
2880 0.00663489 0.05725706
2890 0.00645162 0.05633128
2900 0.00672284 0.05600873
2910 0.00717994 0.05544337
2920 0.00689119 0.05546298
2930 0.00642364 0.05677701
2940 0.00629490 0.05697183
2950 0.00623238 0.05675764
2960 0.00614666 0.05654267
2970 0.00618315 0.05654006
2980 0.00602594 0.05714174
2990 0.00605643 0.05674347
3000 0.00587187 0.05783042
3010 0.00719486 0.05519158
3020 0.00637908 0.05997766
3030 0.00606467 0.05777026
3040 0.00586879 0.05754890
3050 0.00579721 0.05820815
3060 0.00559755 0.05771977
3070 0.00557720 0.05845195
3080 0.00556110 0.05844450
3090 0.00631268 0.05968325
3100 0.00578308 0.05990605
3110 0.00559323 0.05957916
3120 0.00542840 0.05804605
3130 0.00552316 0.05744619
3140 0.00589658 0.06042577
3150 0.00523734 0.05824520
3160 0.00513387 0.05876697
3170 0.00505050 0.05816979
3180 0.00494140 0.05927706
3190 0.00485756 0.05844519
3200 0.00537535 0.06048761
3210 0.00525082 0.05820825
3220 0.00492795 0.05782045
3230 0.00471417 0.05896830
3240 0.00477145 0.05865474
3250 0.00493602 0.06133852
3260 0.00486787 0.05930519
3270 0.00505980 0.06146508
3280 0.00462463 0.05995513
3290 0.00481260 0.05928437
3300 0.00458368 0.05906344
3310 0.00454416 0.05988495
3320 0.00464770 0.05934353
3330 0.00510531 0.05985209
3340 0.00455619 0.05937911
3350 0.00436519 0.05996419
3360 0.00428576 0.05982565
3370 0.00421733 0.06005668
3380 0.00416803 0.06003363
3390 0.00412713 0.06005051
3400 0.00429872 0.05905334
3410 0.00408917 0.05979755
3420 0.00412838 0.05979168
3430 0.00415578 0.05957194
3440 0.00416145 0.05876990
3450 0.00448640 0.06177973
3460 0.00415772 0.06172725
3470 0.00400331 0.06104526
3480 0.00392522 0.06076271
3490 0.00391607 0.06006553
3500 0.00390902 0.06132449
3510 0.00390716 0.05986781
3520 0.00392027 0.06021361
3530 0.00392736 0.06096307
3540 0.00387310 0.06010218
3550 0.00380725 0.06111109
3560 0.00376497 0.06100621
3570 0.00380251 0.06084651
3580 0.00373099 0.06119080
3590 0.00372444 0.06048257
3600 0.00400983 0.06053848
3610 0.00419930 0.06245387
3620 0.00405781 0.06049725
3630 0.00380653 0.06121149
3640 0.00386356 0.06260700
3650 0.00367573 0.06173035
3660 0.00368633 0.06179637
3670 0.00366398 0.06093311
3680 0.00360788 0.06172974
3690 0.00366695 0.06111443
3700 0.00379596 0.06107157
3710 0.00375520 0.06092464
3720 0.00362000 0.06149641
3730 0.00358472 0.06135842
3740 0.00358646 0.06096820
3750 0.00364622 0.06247924
3760 0.00386224 0.06116724
3770 0.00372061 0.06124145
3780 0.00353331 0.06146599
3790 0.00355170 0.06163507
3800 0.00348836 0.06183660
3810 0.00348546 0.06173126
3820 0.00346606 0.06130203
3830 0.00347113 0.06100474
3840 0.00355260 0.06071756
3850 0.00350961 0.06114347
3860 0.00341237 0.06127737
3870 0.00343780 0.06188771
3880 0.00352824 0.06197425
3890 0.00339927 0.06200023
3900 0.00360394 0.06108307
3910 0.00348593 0.06129499
3920 0.00335925 0.06179572
3930 0.00338491 0.06193437
3940 0.00334743 0.06183212
3950 0.00342437 0.06238711
3960 0.00346272 0.06079949
3970 0.00331021 0.06133759
3980 0.00336745 0.06231294
3990 0.00350920 0.06041541
4000 0.00332193 0.06172660
4010 0.00328802 0.06154829
4020 0.00374624 0.06025200
4030 0.00334002 0.06187022
4040 0.00331219 0.06187309
4050 0.00333665 0.06203517
4060 0.00339497 0.06105394
4070 0.00332582 0.06197482
4080 0.00324799 0.06112465
4090 0.00321139 0.06184552
4100 0.00333938 0.06156656
4110 0.00341883 0.06256387
4120 0.00336865 0.06192568
4130 0.00331125 0.06280859
4140 0.00321085 0.06116965
4150 0.00322008 0.06247355
4160 0.00331413 0.06071817
4170 0.00319575 0.06154994
4180 0.00340656 0.06325968
4190 0.00312553 0.06240778
4200 0.00314296 0.06232571
4210 0.00320031 0.06126600
4220 0.00307753 0.06132976
4230 0.00316093 0.06216162
4240 0.00321508 0.06169759
4250 0.00360053 0.06212618
4260 0.00314734 0.06140475
4270 0.00316109 0.06174747
4280 0.00312406 0.06145704
4290 0.00324494 0.06121642
4300 0.00931343 0.07213977
4310 0.01171045 0.06624722
4320 0.00795580 0.06815943
4330 0.00570814 0.06120275
4340 0.00479014 0.06038665
4350 0.00421212 0.06135449
4360 0.00393738 0.06218655
4370 0.00376167 0.06160420
4380 0.00362879 0.06195436
4390 0.00353917 0.06177343
4400 0.00347188 0.06176813
4410 0.00344608 0.06203560
4420 0.00337586 0.06209276
4430 0.00333087 0.06177780
4440 0.00331619 0.06227090
4450 0.00326204 0.06175888
4460 0.00327858 0.06151273
4470 0.00318292 0.06185705
4480 0.00332591 0.06260731
4490 0.00317314 0.06232095
4500 0.00321884 0.06105766
4510 0.00326428 0.06075960
4520 0.00311734 0.06128633
4530 0.00319642 0.06112956
4540 0.00306863 0.06133735
4550 0.00306685 0.06233615
4560 0.00304175 0.06218350
4570 0.00307010 0.06084458
4580 0.00303132 0.06103565
4590 0.00295477 0.06167519
4600 0.00302311 0.06097978
4610 0.00299906 0.06181409
4620 0.00296372 0.06129147
4630 0.00324310 0.06294128
4640 0.00294139 0.06107591
4650 0.00314630 0.06086303
4660 0.00293320 0.06149764
4670 0.00294383 0.06159676
4680 0.00296678 0.06108448
4690 0.00288782 0.06161586
4700 0.00291573 0.06173880
4710 0.00304462 0.06295651
4720 0.00293093 0.06185136
4730 0.00284377 0.06124520
4740 0.00290289 0.06267578
4750 0.00280453 0.06170624
4760 0.00289046 0.06114568
4770 0.00286570 0.06153813
4780 0.00341968 0.06171697
4790 0.00281687 0.06102620
4800 0.00286158 0.06114113
4810 0.00296129 0.06296674
4820 0.00275382 0.06169835
4830 0.00276153 0.06044115
4840 0.00280457 0.06177359
4850 0.00291162 0.06055942
4860 0.00270521 0.06188707
4870 0.00281308 0.06144090
4880 0.00279031 0.06155158
4890 0.00269699 0.06150546
4900 0.00289836 0.06052352
4910 0.00269660 0.06189270
4920 0.00273172 0.06052006
4930 0.00269660 0.06080111
4940 0.00276093 0.06093933
4950 0.00261667 0.06131097
4960 0.00261892 0.06123608
4970 0.00267062 0.06134336
4980 0.00260087 0.06103509
4990 0.00298055 0.06059114
5000 0.00262273 0.06202206
5010 0.00277956 0.06242995
5020 0.00271711 0.06032208
5030 0.00275406 0.06301653
5040 0.00263024 0.06074554
5050 0.00321344 0.06143662
5060 0.00289741 0.06077285
5070 0.00265580 0.06203856
5080 0.00261544 0.06155570
5090 0.00291503 0.06269874
5100 0.00261994 0.06092339
5110 0.00261890 0.06087760
5120 0.00256626 0.06126983
5130 0.00259493 0.06130033
5140 0.00260730 0.06209457
5150 0.00277687 0.06000361
5160 0.00273777 0.06224045
5170 0.00264780 0.06117308
5180 0.00258612 0.06109047
5190 0.00256221 0.06138888
5200 0.00259928 0.06214871
5210 0.00264874 0.06251906
5220 0.00253879 0.06094636
5230 0.00271465 0.06115048
5240 0.00255859 0.06062099
5250 0.00258487 0.06136081
5260 0.00267219 0.06165858
5270 0.00255928 0.06126586
5280 0.00251495 0.06100779
5290 0.00250341 0.06163646
5300 0.00262332 0.06143744
5310 0.00256461 0.06135992
5320 0.00254255 0.06248709
5330 0.00261451 0.06114314
5340 0.00256264 0.06170607
5350 0.00245955 0.06193138
5360 0.00262839 0.06079173
5370 0.00247541 0.06153706
5380 0.00263971 0.06065688
5390 0.00253415 0.06212961
5400 0.00249652 0.06150427
5410 0.00245037 0.06121344
5420 0.00251571 0.06266397
5430 0.00259771 0.06126246
5440 0.00245528 0.06178680
5450 0.00242075 0.06158316
5460 0.00247576 0.06245723
5470 0.00252281 0.06223556
5480 0.00240246 0.06109542
5490 0.00236906 0.06120235
5500 0.00295662 0.06233471
5510 0.00268334 0.06113444
5520 0.00245305 0.06142286
5530 0.00239794 0.06190579
5540 0.00234333 0.06229801
5550 0.00230464 0.06211498
5560 0.00238906 0.06276189
5570 0.00259445 0.06122879
5580 0.00237647 0.06205618
5590 0.00228688 0.06187646
5600 0.00269142 0.06357384
5610 0.00246810 0.06131940
5620 0.00234054 0.06177342
5630 0.00230799 0.06137081
5640 0.00239961 0.06084455
5650 0.00230940 0.06160201
5660 0.00237727 0.06149326
5670 0.00244631 0.06182210
5680 0.00238075 0.06174082
5690 0.00224227 0.06172898
5700 0.00232257 0.06126798
5710 0.00248203 0.06302382
5720 0.00289919 0.06215557
5730 0.00251616 0.06202907
5740 0.00232622 0.06231593
5750 0.00224553 0.06171785
5760 0.00219646 0.06225161
5770 0.00229093 0.06099689
5780 0.00221778 0.06189795
5790 0.00218979 0.06175958
5800 0.00217628 0.06172591
5810 0.00218214 0.06290768
5820 0.00241875 0.06387281
5830 0.00252748 0.06248295
5840 0.00221486 0.06226259
5850 0.00215078 0.06184500
5860 0.00246031 0.06291378
5870 0.00231115 0.06157913
5880 0.00220153 0.06198686
5890 0.00216168 0.06207349
5900 0.00220854 0.06157479
5910 0.00212320 0.06229164
5920 0.00212864 0.06222418
5930 0.00219390 0.06122545
5940 0.00209463 0.06168422
5950 0.00214889 0.06238911
5960 0.00220738 0.06375600
5970 0.00220142 0.06375531
5980 0.00215990 0.06174242
5990 0.00220607 0.06303737
6000 0.00218868 0.06245890
6010 0.00204951 0.06249243
6020 0.00210847 0.06274474
6030 0.00218928 0.06250382
6040 0.00207919 0.06254606
6050 0.00210557 0.06245310
6060 0.00225073 0.06192315
6070 0.00208239 0.06265498
6080 0.00207964 0.06338561
6090 0.00221134 0.06181259
6100 0.00253635 0.06508297
6110 0.00247818 0.06065581
6120 0.00231321 0.06427256
6130 0.00213304 0.06192677
6140 0.00207475 0.06284598
6150 0.00201498 0.06254166
6160 0.00200214 0.06298237
6170 0.00198986 0.06262814
6180 0.00203175 0.06226745
6190 0.00227878 0.06115131
6200 0.00250400 0.06295191
6210 0.00217838 0.06317987
6220 0.00204126 0.06297632
6230 0.00200312 0.06338672
6240 0.00210029 0.06323009
6250 0.00208397 0.06278074
6260 0.00206123 0.06263066
6270 0.00195792 0.06286573
6280 0.00205417 0.06385672
6290 0.00200038 0.06153544
6300 0.00202732 0.06178134
6310 0.00199241 0.06256182
6320 0.00251087 0.06183137
6330 0.00224290 0.06215889
6340 0.00201324 0.06204011
6350 0.00205579 0.06398357
6360 0.00195478 0.06322268
6370 0.00199270 0.06308822
6380 0.00200347 0.06259441
6390 0.00197504 0.06208232
6400 0.00193852 0.06310216
6410 0.00204730 0.06220818
6420 0.00188445 0.06368408
6430 0.00228195 0.06428410
6440 0.00213898 0.06456109
6450 0.00198244 0.06140723
6460 0.00189157 0.06206565
6470 0.00183822 0.06269868
6480 0.00204540 0.06427156
6490 0.00206772 0.06123472
6500 0.00195176 0.06382110
6510 0.00190897 0.06231361
6520 0.00185024 0.06285249
6530 0.00181845 0.06313711
6540 0.00207762 0.06484737
6550 0.00190226 0.06359178
6560 0.00189976 0.06236023
6570 0.00183403 0.06271406
6580 0.00192710 0.06217195
6590 0.00195542 0.06337193
6600 0.00192753 0.06340928
6610 0.00180884 0.06350754
6620 0.00215439 0.06411801
6630 0.00204370 0.06211536
6640 0.00186376 0.06363374
6650 0.00178228 0.06283741
6660 0.00205550 0.06094862
6670 0.00186093 0.06367277
6680 0.00220806 0.06359868
6690 0.00185791 0.06188355
6700 0.00176251 0.06249380
6710 0.00181880 0.06340142
6720 0.00178298 0.06245704
6730 0.00194673 0.06339383
6740 0.00192982 0.06351694
6750 0.00177299 0.06268940
6760 0.00173929 0.06292073
6770 0.00187008 0.06387211
6780 0.00175332 0.06266274
6790 0.00179000 0.06191845
6800 0.00176205 0.06282376
6810 0.00184624 0.06218290
6820 0.00190106 0.06213894
6830 0.00174776 0.06314564
6840 0.00179826 0.06430177
6850 0.00179622 0.06307799
6860 0.00171449 0.06234942
6870 0.00177545 0.06281870
6880 0.00172094 0.06264267
6890 0.00172212 0.06296036
6900 0.00171126 0.06419865
6910 0.00180492 0.06412646
6920 0.00181231 0.06334393
6930 0.00174003 0.06236061
6940 0.00175292 0.06354770
6950 0.00192423 0.06326492
6960 0.00170348 0.06289146
6970 0.00168219 0.06262887
6980 0.00171792 0.06313749
6990 0.00179591 0.06224092
7000 0.00172451 0.06256843
7010 0.00165504 0.06269942
7020 0.00176306 0.06329976
7030 0.00170278 0.06264218
7040 0.00167753 0.06283608
7050 0.00175176 0.06466266
7060 0.00173255 0.06375851
7070 0.00173318 0.06279950
7080 0.00163425 0.06376539
7090 0.00171537 0.06455777
7100 0.00167204 0.06200244
7110 0.00157432 0.06383202
7120 0.00160611 0.06404404
7130 0.00153702 0.06356921
7140 0.00160789 0.06392190
7150 0.00163405 0.06291856
7160 0.00156627 0.06357440
7170 0.00194965 0.06158968
7180 0.00191610 0.06337934
7190 0.00213572 0.06223696
7200 0.00178645 0.06285077
7210 0.00168974 0.06427419
7220 0.00160336 0.06317545
7230 0.00160914 0.06385513
7240 0.00157482 0.06318548
7250 0.00157544 0.06275913
7260 0.00155671 0.06217213
7270 0.00174989 0.06250832
7280 0.00157304 0.06258517
7290 0.00152200 0.06322804
7300 0.00156061 0.06278906
7310 0.00156586 0.06235839
7320 0.00146255 0.06286205
7330 0.00148979 0.06275357
7340 0.00145834 0.06322655
7350 0.00148886 0.06233631
7360 0.00182687 0.06113086
7370 0.00170709 0.06192117
7380 0.00155527 0.06386789
7390 0.00149775 0.06306375
7400 0.00140851 0.06346630
7410 0.00179715 0.06520533
7420 0.00150636 0.06259422
7430 0.00144825 0.06325327
7440 0.00146192 0.06273325
7450 0.00138372 0.06288862
7460 0.00143475 0.06208759
7470 0.00145918 0.06331328
7480 0.00143002 0.06338990
7490 0.00140855 0.06280886
7500 0.00138143 0.06305590
7510 0.00152234 0.06410714
7520 0.00239970 0.06641456
7530 0.00170537 0.06378775
7540 0.00149590 0.06375965
7550 0.00139876 0.06334323
7560 0.00138484 0.06305280
7570 0.00133397 0.06341305
7580 0.00168500 0.06147980
7590 0.00148802 0.06337190
7600 0.00139624 0.06368168
7610 0.00132535 0.06302804
7620 0.00134251 0.06372153
7630 0.00129815 0.06342346
7640 0.00132862 0.06355915
7650 0.00159141 0.06245006
7660 0.00152379 0.06117657
7670 0.00137845 0.06449679
7680 0.00130632 0.06258114
7690 0.00132746 0.06319664
7700 0.00126313 0.06315370
7710 0.00134893 0.06380992
7720 0.00126249 0.06303746
7730 0.00129541 0.06333253
7740 0.00125151 0.06358531
7750 0.00130822 0.06421275
7760 0.00157303 0.06188691
7770 0.00177677 0.06203252
7780 0.00148597 0.06394930
7790 0.00130079 0.06322405
7800 0.00122656 0.06327415
7810 0.00136413 0.06428210
7820 0.00130939 0.06222092
7830 0.00123812 0.06345183
7840 0.00118574 0.06331787
7850 0.00118617 0.06369323
7860 0.00129655 0.06280297
7870 0.00119101 0.06328985
7880 0.00118995 0.06273146
7890 0.00144771 0.06185431
7900 0.00125696 0.06336123
7910 0.00116623 0.06364924
7920 0.00140392 0.06475291
7930 0.00131100 0.06298842
7940 0.00117080 0.06316726
7950 0.00113208 0.06313562
7960 0.00155028 0.06276651
7970 0.00142824 0.06225214
7980 0.00133746 0.06283949
7990 0.00121889 0.06374972
8000 0.00112811 0.06298518
8010 0.00110687 0.06349323
8020 0.00113682 0.06359459
8030 0.00111298 0.06334849
8040 0.00109017 0.06368067
8050 0.00117680 0.06273606
8060 0.00112125 0.06328899
8070 0.00120230 0.06216772
8080 0.00117777 0.06473482
8090 0.00131980 0.06436500
8100 0.00115247 0.06334187
8110 0.00110079 0.06343279
8120 0.00122932 0.06498079
8130 0.00117310 0.06302539
8140 0.00111555 0.06372298
8150 0.00105910 0.06350486
8160 0.00113421 0.06330570
8170 0.00107569 0.06280060
8180 0.00103866 0.06426227
8190 0.00116758 0.06463668
8200 0.00115794 0.06339509
8210 0.00106117 0.06329213
8220 0.00105466 0.06405980
8230 0.00102342 0.06376692
8240 0.00104123 0.06425026
8250 0.00109143 0.06393474
8260 0.00112600 0.06341182
8270 0.00106017 0.06263106
8280 0.00102548 0.06357940
8290 0.00109192 0.06402683
8300 0.00102001 0.06359597
8310 0.00105723 0.06308828
8320 0.00102504 0.06404931
8330 0.00116142 0.06468056
8340 0.00109988 0.06319335
8350 0.00099497 0.06357612
