0.00100155	0.00000000
0.00583179	0.00148582
0.00011204	0.00000000
0.00243519	0.00445759
0.00820281	0.00594354
0.01428856	0.00965822
0.01710318	0.01337290
0.01900895	0.01783061
0.02100201	0.01931643
0.02291785	0.02377415
0.02401038	0.02228820
0.02389439	0.01857352
0.02316828	0.01857352
0.02318014	0.02080238
0.02518809	0.02303123
0.02973318	0.02823174
0.03643773	0.03566122
0.04409806	0.04160476
0.05106218	0.04829121
0.05582410	0.05794942
0.05762972	0.05943537
0.05677412	0.05572069
0.05435891	0.05052006
0.05164900	0.04606235
0.04949069	0.04011881
0.04812028	0.03937590
0.04732281	0.04457653
0.04671185	0.04680538
0.04595540	0.04680538
0.04488662	0.04680538
0.04351546	0.04680538
0.04198319	0.04531944
0.04049677	0.04457653
0.03927045	0.04457653
0.03848398	0.04234767
0.03826036	0.04011881
0.03865989	0.03789008
0.03968547	0.03714705
0.04129340	0.03566122
0.04340579	0.03343236
0.04592212	0.03491831
0.04872672	0.03714705
0.05169495	0.04086185
0.05469485	0.04457653
0.05758865	0.05646360
0.06023133	0.06686473
0.06247173	0.07503712
0.06415520	0.07949483
0.06513184	0.08172357
0.06527463	0.07578003
0.06451247	0.06835067
0.06288247	0.05720651
0.06059675	0.05126297
0.05810021	0.04531944
0.05606319	0.04309058
0.05524780	0.04606235
0.05624729	0.05497766
0.05922349	0.06166422
0.06380920	0.07206535
0.06923956	0.08023775
0.07461593	0.08246660
0.07916418	0.08098066
0.08240728	0.08098066
0.08425103	0.07800889
0.08499423	0.07949483
0.08522251	0.08098066
0.08546242	0.08395243
0.08564727	0.08543837
0.08494416	0.08543837
0.08246557	0.08172357
0.07823767	0.07949483
0.07329731	0.07800889
0.06895079	0.07132244
0.06604835	0.06909359
0.06472291	0.06389296
0.06451137	0.06315005
0.06465146	0.05720651
0.06439258	0.06092119
0.06321670	0.05943537
0.06092180	0.06240714
0.05758782	0.06017828
0.05347969	0.05646360
0.04894589	0.04977715
0.04434590	0.04531944
0.04001021	0.03937590
0.03622253	0.03491831
0.03321157	0.03640413
0.03114321	0.03566122
0.03010442	0.03417528
0.03007452	0.03566122
0.03088765	0.03566122
0.03220583	0.03417528
0.03353916	0.03343236
0.03434576	0.03491831
0.03421260	0.03120351
0.03305736	0.02674592
0.03123853	0.02823174
0.02948520	0.02748883
0.02862445	0.02748883
0.02918713	0.03046060
0.03107120	0.03343236
0.03351530	0.03120351
0.03549026	0.03268945
0.03626192	0.03343236
0.03571193	0.03417528
0.03428698	0.03566122
0.03275569	0.03714705
0.03194641	0.03640413
0.03244777	0.03789008
0.03427325	0.03863299
0.03672065	0.03863299
0.03870340	0.03789008
0.03946634	0.03863299
0.03907724	0.03714705
0.03821670	0.03714705
0.03761691	0.03863299
0.03769600	0.04086185
0.03849177	0.04309058
0.03971863	0.04457653
0.04080231	0.04086185
0.04088533	0.03863299
0.03897731	0.03566122
0.03445266	0.03046060
0.02764739	0.02451706
0.01995254	0.02080238
0.01337753	0.01634467
0.00985924	0.01485884
0.01030307	0.01708770
0.01394345	0.01931643
0.01885788	0.02303123
0.02323473	0.02451706
0.02621792	0.02525997
0.02780585	0.02303123
0.02824476	0.02377415
0.02761058	0.02525997
0.02578572	0.02525997
0.02256838	0.02154529
0.01771175	0.01485884
0.01097001	0.00520062
0.00224440	-0.00594354
-0.00825018	-0.01560175
-0.01994015	-0.02897471
-0.03199989	-0.03937590
-0.04353433	-0.04903418
-0.05375542	-0.05720651
-0.06210745	-0.06686479
-0.06833322	-0.06612182
-0.07248851	-0.06835067
-0.07493530	-0.07429421
-0.07631858	-0.08172363
-0.07747006	-0.08618128
-0.07918733	-0.09138185
-0.08199252	-0.09435362
-0.08600172	-0.09286773
-0.09093727	-0.09138185
-0.09623779	-0.09063894
-0.10121568	-0.09658247
-0.10521294	-0.10326892
-0.10770287	-0.10698366
-0.10830580	-0.10921246
-0.10673910	-0.10549778
-0.10279299	-0.09881127
-0.09645088	-0.09138185
-0.08814000	-0.08618128
-0.07886609	-0.08098066
-0.06995249	-0.07949477
-0.06241670	-0.07503712
-0.05639036	-0.06463593
-0.05108187	-0.05052006
-0.04538230	-0.03566122
-0.03867229	-0.02377415
-0.03123655	-0.01411587
-0.02396814	-0.01114410
-0.01763363	-0.00891531
-0.01246907	-0.00742942
-0.00843052	-0.00742942
-0.00560506	-0.00817233
-0.00431461	-0.00520056
-0.00494753	-0.01411587
-0.00774197	-0.01857352
-0.01265633	-0.02005941
-0.01935266	-0.02526003
-0.02726970	-0.03491825
-0.03574562	-0.03566122
-0.04413840	-0.04531944
-0.05190469	-0.05869240
-0.05862820	-0.06612182
-0.06402277	-0.06612182
-0.06793763	-0.06835067
-0.07036602	-0.06686479
-0.07144758	-0.06017828
-0.07145330	-0.05794948
-0.07076018	-0.05869240
-0.06982014	-0.05572063
-0.06912725	-0.05646360
-0.06917760	-0.05720651
-0.07041375	-0.05572063
-0.07314311	-0.06463593
-0.07743134	-0.07652301
-0.08299795	-0.08841008
-0.08917373	-0.10178304
-0.09499676	-0.11367011
-0.09947494	-0.11367011
-0.10192582	-0.11144131
-0.10220483	-0.10698366
-0.10070542	-0.10029715
-0.09818214	-0.09509659
-0.09552693	-0.09286773
-0.09355403	-0.09138185
-0.09281891	-0.09063894
-0.09351858	-0.09063894
-0.09551093	-0.09063894
-0.09843405	-0.09286773
-0.10186016	-0.09583950
-0.10542311	-0.09955424
-0.10888595	-0.10475481
-0.11214478	-0.10846955
-0.11518224	-0.11144131
-0.11798874	-0.11367011
-0.12047930	-0.11367011
-0.12243892	-0.11589897
-0.12354161	-0.11812776
-0.12346843	-0.12035662
-0.12210009	-0.12332839
-0.11968698	-0.12555718
-0.11688538	-0.12332839
-0.11457749	-0.12258542
-0.11344492	-0.12109953
-0.11342900	-0.11961365
-0.11351992	-0.11441308
-0.11223044	-0.10698366
-0.10847397	-0.10178304
-0.10220763	-0.09583950
-0.09446995	-0.08766717
-0.08687471	-0.08395243
-0.08091566	-0.08543831
-0.07749446	-0.08246654
-0.07682802	-0.08023775
-0.07862575	-0.07875186
-0.08234230	-0.08543831
-0.08735117	-0.09286773
