0.00081410	0.00000000
0.02540729	0.02223873
0.02565403	0.03372872
0.10776167	0.10785770
0.20901163	0.19310606
0.33487144	0.34432912
0.48508784	0.48665679
0.61394513	0.61675310
0.68478101	0.67012596
0.70130426	0.70978498
0.67957944	0.67346179
0.65190816	0.65715349
0.66316140	0.66493702
0.71365476	0.71756852
0.76352000	0.76686430
0.78754872	0.79132688
0.78561801	0.78576720
0.76583034	0.77353597
0.73513561	0.72349894
0.70177358	0.68087471
0.68049628	0.69125283
0.68619889	0.70163083
0.71966523	0.71126759
0.76626313	0.76871753
0.80682027	0.81319499
0.82802701	0.81801331
0.82560378	0.82283175
0.80042917	0.81986654
0.75562948	0.76538181
0.69885284	0.68532240
0.64224386	0.62676060
0.59500480	0.58042991
0.55745190	0.55522609
0.52265251	0.53150487
0.48075196	0.46701264
0.42316383	0.40252042
0.34836796	0.34284651
0.26657346	0.26093400
0.19637056	0.17679763
0.15277679	0.16011858
0.13656406	0.14677536
0.13566844	0.13120830
0.13628344	0.12083030
0.13206978	0.12750185
0.12339278	0.11304665
0.11312799	0.11045218
0.10404007	0.10637510
0.09772758	0.10378063
0.09448989	0.09451449
0.09363337	0.10118604
0.09396245	0.09970343
0.09432776	0.09340250
0.09412904	0.08784282
0.09363215	0.08154190
0.09391634	0.09043741
0.09635898	0.09859157
0.10193374	0.10971093
0.11072879	0.12601924
0.12181391	0.14047444
0.13346271	0.14566350
0.14370823	0.14714599
0.15097593	0.14899921
0.15444767	0.14825797
0.15403286	0.15678275
0.15009783	0.15233505
0.14321259	0.14677536
0.13407548	0.13639736
0.12362419	0.12490737
0.11315080	0.10452187
0.10406567	0.09266126
0.09700410	0.08413637
0.09078668	0.07857668
0.08283167	0.07116377
0.07129499	0.05819130
0.05649744	0.05522609
0.04016352	0.03409934
0.02400483	0.01037800
0.00914051	-0.00555968
-0.00382154	-0.01334321
-0.01456623	-0.02891028
-0.02291523	-0.02853966
-0.02874726	-0.02928096
-0.03198202	-0.03113419
-0.03260510	-0.03039289
-0.03071354	-0.02965158
-0.02654907	-0.02075613
-0.02049996	-0.01408452
-0.01308928	0.00074124
-0.00499807	0.00222385
0.00283326	0.00555968
0.00905286	0.01037800
0.01187156	0.01704967
0.00954126	-0.00037062
0.00161930	-0.00741291
-0.00992067	-0.01445514
-0.02189500	-0.03261673
-0.03250436	-0.04558933
-0.04145424	-0.04521871
-0.04807487	-0.04299480
-0.05054329	-0.04225349
-0.04674275	-0.03372866
-0.03555685	-0.02223867
-0.01753844	-0.00630099
0.00541331	0.02631581
0.03093653	0.05374348
0.05682378	0.08042991
0.08096857	0.10118604
0.10107194	0.11045218
0.11487193	0.10563385
0.12098952	0.11527061
0.11968186	0.11601186
0.11282744	0.10822833
0.10299951	0.11415863
0.09234321	0.10859895
0.08226292	0.09266126
0.07388943	0.07375836
0.06836706	0.06078577
0.06634547	0.05522609
0.06700507	0.06634545
0.06760414	0.06300962
0.06439422	0.06338024
0.05455615	0.06856930
0.03774571	0.03928840
0.01631338	-0.00407708
-0.00565763	-0.03317273
-0.02389525	-0.04355079
-0.03545554	-0.05096370
-0.03963409	-0.03502595
-0.03792715	-0.01686436
-0.03318429	-0.00630099
-0.02847932	-0.01371384
-0.02626054	-0.02075613
-0.02807221	-0.03150481
-0.03471042	-0.04262418
-0.04639263	-0.05133432
-0.06268654	-0.06226838
-0.08237106	-0.08636028
-0.10364014	-0.12527800
-0.12472814	-0.15344697
-0.14451887	-0.17179394
-0.16263558	-0.18458116
-0.17900716	-0.18717569
-0.19338678	-0.18754631
-0.20516565	-0.20311344
-0.21341307	-0.21849519
-0.21700533	-0.22201633
-0.21481781	-0.22535211
-0.20599149	-0.20441067
-0.19026370	-0.16475165
-0.16832788	-0.13083768
-0.14214051	-0.11230540
-0.11497185	-0.08858413
-0.09090102	-0.07542622
-0.07362314	-0.06949592
-0.06504844	-0.06430691
-0.06460463	-0.06282431
-0.06972539	-0.07023722
-0.07709691	-0.07802075
-0.08389813	-0.08432174
-0.08858002	-0.09025204
-0.09106351	-0.08876944
-0.09238158	-0.08876944
-0.09394358	-0.08839881
-0.09672170	-0.09321719
-0.10064904	-0.09785026
-0.10436790	-0.10415125
-0.10536513	-0.10452187
-0.10049504	-0.08821350
-0.08689526	-0.06375092
-0.06336062	-0.02687174
-0.03196289	0.00370646
0.00157182	0.03817642
0.03030895	0.05374348
0.04969154	0.06708670
0.05929653	0.06856930
0.06176595	0.06819868
0.05982058	0.05114901
0.05294205	0.04188287
0.03839217	0.02779841
0.01954177	0.00704229
0.00491408	-0.00852484
-0.00148870	-0.01000744
-0.00196548	0.01667905
-0.00196922	-0.00166792
-0.00707993	-0.01612306
-0.02050073	-0.02891028
-0.04104039	-0.04336548
-0.06273492	-0.08710158
-0.07781851	-0.08506298
-0.08261834	-0.08061528
-0.08025412	-0.07487029
-0.07692163	-0.06856930
-0.07754082	-0.07505560
-0.08366681	-0.07950336
-0.09345787	-0.09247589
-0.10349991	-0.09951818
-0.11117697	-0.10952556
-0.11584543	-0.11249071
-0.11844628	-0.11805040
-0.12042673	-0.11767977
-0.12280966	-0.12027431
-0.12573563	-0.12138623
-0.12848768	-0.11842108
-0.12990324	-0.11582655
-0.12894064	-0.10656041
-0.12511502	-0.10396588
-0.11866485	-0.09933281
-0.11050640	-0.09877688
-0.10207893	-0.09896219
-0.09510843	-0.10340995
-0.09124924	-0.09933281
-0.09164623	-0.09469980
-0.09659144	-0.09432912
-0.10546812	-0.10192734
-0.11702444	-0.11786509
-0.12983358	-0.13917714
-0.14272833	-0.16141587
-0.15504925	-0.17716825
-0.16666214	-0.18773162
-0.17780209	-0.19217938
-0.18884008	-0.19699776
-0.20006670	-0.20719051
-0.21155290	-0.21756858
-0.22309677	-0.22998518
-0.23424205	-0.24406970
-0.24434043	-0.25277984
-0.25264165	-0.25796884
-0.25841311	-0.26556706
-0.26110107	-0.26630837
-0.26052371	-0.25722760
-0.25703767	-0.25148261
-0.25158504	-0.24573761
-0.24554493	-0.24110454
-0.24039792	-0.23573017
-0.23730528	-0.23869532
-0.23677664	-0.23980725
-0.23857379	-0.24499631
-0.24190120	-0.25074130
-0.24577238	-0.25593030
-0.24936260	-0.25630099
-0.25219575	-0.25852484
