0.00034741	0.00000000
-0.00006303	0.00193238
0.01044478	0.01159418
0.03720574	0.02995169
0.05692862	0.05700481
0.08036049	0.07729471
0.10286237	0.10434783
0.11867328	0.11594200
0.12587579	0.12463772
0.12599252	0.12270534
0.12258165	0.11884058
0.11970432	0.11304343
0.12032746	0.12367153
0.12558211	0.12850237
0.13478552	0.13526571
0.14653711	0.13816428
0.16062394	0.16135263
0.17893079	0.17874396
0.20412980	0.20966184
0.23699908	0.24830914
0.27337721	0.28985512
0.30301476	0.30434787
0.31603628	0.31884062
0.31438470	0.32367146
0.30967614	0.31400967
0.30737171	0.31304348
0.30954683	0.31787443
0.31584758	0.32173908
0.31807825	0.31980681
0.31406578	0.31884062
0.30728999	0.30724633
0.29776013	0.28792274
0.28732124	0.27922702
0.27610365	0.27439618
0.26133749	0.25507247
0.24034947	0.22898555
0.21286692	0.21256042
0.18133278	0.18550730
0.15013184	0.14685988
0.12353450	0.11980677
0.10441403	0.09951687
0.09400839	0.08502412
0.09181193	0.08019328
0.09626228	0.09178746
0.10528146	0.10628021
0.11614470	0.12753618
0.12502889	0.13526571
0.12587087	0.12560391
0.11383905	0.10821259
0.09396778	0.09082127
0.07626541	0.07246375
0.06712683	0.06280196
0.06775297	0.06570053
0.07624198	0.07053137
0.08973493	0.08888888
0.10530992	0.10917878
0.12028830	0.12560391
0.13250189	0.14009666
0.14057606	0.15265703
0.14406671	0.15072465
0.14332196	0.14299512
0.13913403	0.13333333
0.13238585	0.12367153
0.12385242	0.11594200
0.11416449	0.10821259
0.10384905	0.10048306
0.09336197	0.09468603
0.08308735	0.08599031
0.07331416	0.07246375
0.06421489	0.06763279
0.05584119	0.06280196
0.04813780	0.05314004
0.04097100	0.04541063
0.03416146	0.03574884
0.02751570	0.02125609
0.02084838	0.00869560
0.01399151	-0.00193238
0.00679603	-0.01159418
-0.00086283	-0.01352656
-0.00906077	-0.01739132
-0.01778225	-0.01642513
-0.02689190	-0.01932365
-0.03614870	-0.02666664
-0.04526632	-0.04115939
-0.05398548	-0.05294687
-0.06213009	-0.06415457
-0.06963049	-0.07169080
-0.07652138	-0.07826090
-0.08291906	-0.08115941
-0.08898534	-0.08463770
-0.09487422	-0.09333330
-0.10066523	-0.10222220
-0.10629053	-0.10956520
-0.11148894	-0.11806762
-0.11584598	-0.11458939
-0.11897768	-0.11710143
-0.12082875	-0.11942029
-0.12190202	-0.11961353
-0.12316336	-0.11787438
-0.12548216	-0.12541062
-0.12875773	-0.12908214
-0.13135657	-0.13062799
-0.13075504	-0.13062799
-0.12528415	-0.12019324
-0.11532582	-0.10724640
-0.10284515	-0.09004831
-0.09001841	-0.07632852
-0.07829428	-0.06512076
-0.06837448	-0.06512076
-0.06061272	-0.06299520
-0.05522773	-0.06125605
-0.05226628	-0.05642509
-0.05152518	-0.04927534
-0.05250564	-0.04618359
-0.05438828	-0.04676330
-0.05611852	-0.04966182
-0.05672497	-0.05642509
-0.05579372	-0.05758452
-0.05378155	-0.05082124
-0.05187553	-0.04985505
-0.05141661	-0.05024153
-0.05326453	-0.04270530
-0.05752129	-0.05198067
-0.06369944	-0.06647342
-0.07108394	-0.07806766
-0.07900414	-0.08251208
-0.08692120	-0.09487921
-0.09440215	-0.09797102
-0.10109246	-0.09835750
-0.10674816	-0.10067636
-0.11132024	-0.10821253
-0.11503531	-0.11188406
-0.11842152	-0.11806762
-0.12225610	-0.12425119
-0.12745674	-0.12985510
-0.13493849	-0.13913041
-0.14539872	-0.15478259
-0.15897915	-0.17198068
-0.17494082	-0.18492752
-0.19166945	-0.19961351
-0.20713241	-0.20927536
-0.21960188	-0.21140099
-0.22837527	-0.21700484
-0.23403744	-0.23323673
-0.23778471	-0.24328500
-0.24037169	-0.24579710
-0.24173443	-0.24811596
-0.24128680	-0.23845410
-0.23833100	-0.22647345
-0.23236117	-0.21835750
-0.22327246	-0.21681160
-0.21150690	-0.20618355
-0.19813414	-0.19999999
-0.18480985	-0.18048310
-0.17349620	-0.16483092
-0.16589430	-0.15632850
-0.16276948	-0.15864736
-0.16357484	-0.16038650
-0.16668947	-0.17043477
-0.17017289	-0.17545891
-0.17257400	-0.17314011
-0.17333624	-0.17294687
-0.17268997	-0.17275363
-0.17123412	-0.17062801
-0.16947913	-0.16850239
-0.16750824	-0.16850239
-0.16479008	-0.16637683
-0.16016845	-0.15478259
-0.15214618	-0.14338166
-0.13966890	-0.12386471
-0.12326756	-0.10782611
-0.10567918	-0.08927536
-0.09089245	-0.08154589
-0.08188367	-0.07806766
-0.07923976	-0.08328503
-0.08163948	-0.08347827
-0.08686075	-0.09120774
-0.09279968	-0.09333330
-0.09772350	-0.09584540
-0.09983455	-0.09874398
-0.09822933	-0.10067636
-0.09443520	-0.09642512
-0.09252115	-0.09739131
-0.09717605	-0.10512078
-0.11011808	-0.11285025
-0.12752150	-0.12695652
-0.14207393	-0.14144927
-0.14860594	-0.14956522
-0.14781079	-0.14801931
-0.14481016	-0.14840579
-0.14464909	-0.14743960
-0.14889818	-0.14550728
-0.15560670	-0.15246379
-0.16176865	-0.15710145
-0.16565739	-0.16405797
-0.16734017	-0.16753626
-0.16789137	-0.17178744
-0.16851936	-0.17236716
-0.17010388	-0.17507249
-0.17301184	-0.17429954
-0.17704166	-0.17719805
-0.18150412	-0.18144929
-0.18548495	-0.18666667
-0.18821232	-0.18956524
-0.18935752	-0.19227052
-0.18911694	-0.19033813
-0.18807505	-0.18763286
-0.18696779	-0.18318838
-0.18647106	-0.18164253
-0.18706940	-0.18125606
-0.18901077	-0.18531400
-0.19232553	-0.18995172
-0.19688682	-0.20057970
-0.20248260	-0.21024156
-0.20887522	-0.22299516
-0.21583672	-0.23149759
-0.22315826	-0.24019325
-0.23064582	-0.24347824
-0.23811187	-0.24541062
-0.24536861	-0.24637681
-0.25222668	-0.25082123
-0.25849816	-0.25449276
-0.26400259	-0.25777775
-0.26857564	-0.26299518
-0.27208126	-0.26570046
-0.27442506	-0.26666665
-0.27557024	-0.26666665
-0.27555183	-0.26821256
-0.27448606	-0.26937199
-0.27257121	-0.26937199
-0.27007404	-0.26550722
-0.26730451	-0.26376814
-0.26457906	-0.26067632
-0.26218170	-0.25797099
-0.26032957	-0.25642514
-0.25915349	-0.25990337
-0.25869572	-0.26086956
-0.25892308	-0.26280195
-0.25974855	-0.26396137
-0.26105118	-0.26434785
-0.26269057	-0.26376814
