0.00098633	0.00000000
-0.02551406	-0.02549982
-0.04404117	-0.04712361
-0.04479866	-0.04324764
-0.03818563	-0.04079968
-0.02284603	-0.02407181
0.00065135	-0.00224400
0.02258242	0.02345979
0.03819294	0.03794372
0.04384666	0.03916764
0.03504933	0.03447568
0.00979628	0.00407994
-0.02761508	-0.03019178
-0.06693052	-0.06874746
-0.09885044	-0.09404325
-0.12094976	-0.12097102
-0.13580103	-0.13871890
-0.14650609	-0.15238678
-0.15432835	-0.15055078
-0.15822630	-0.15911871
-0.15612273	-0.15524274
-0.14750659	-0.14891881
-0.13501413	-0.13504690
-0.12314165	-0.12749898
-0.11495112	-0.10954714
-0.10960281	-0.10689515
-0.10431207	-0.10220319
-0.09847039	-0.10220319
-0.09337644	-0.09281927
-0.08991739	-0.08792329
-0.08814403	-0.08669931
-0.08775784	-0.08669931
-0.08842662	-0.07915139
-0.08994079	-0.08751529
-0.09242874	-0.09914321
-0.09669824	-0.10301918
-0.10430556	-0.10587513
-0.11670801	-0.11893106
-0.13394603	-0.13729089
-0.15422583	-0.15707874
-0.17447831	-0.17401063
-0.19115090	-0.19339043
-0.20182770	-0.20767033
-0.20708063	-0.21195430
-0.20977274	-0.20705837
-0.21248463	-0.20767033
-0.21622252	-0.20705837
-0.22087516	-0.21277028
-0.22601165	-0.22480619
-0.23130350	-0.23500609
-0.23660882	-0.24969399
-0.24187796	-0.25866991
-0.24698766	-0.25989389
-0.25161192	-0.26254588
-0.25524300	-0.26356590
-0.25744864	-0.25662994
-0.25821292	-0.25764996
-0.25774840	-0.25866991
-0.25563404	-0.24949002
-0.25050440	-0.25030601
-0.24076109	-0.23235416
-0.22535534	-0.21787024
-0.20417550	-0.20379436
-0.17818569	-0.17931455
-0.14951240	-0.12811100
-0.12161410	-0.11158711
-0.09937738	-0.09485924
-0.08840255	-0.09057528
-0.09251168	-0.09853119
-0.11026991	-0.12423503
-0.13482901	-0.13912690
-0.15819851	-0.15830272
-0.17484979	-0.16911465
-0.18360375	-0.17584658
-0.18669523	-0.18645453
-0.18609627	-0.19441044
-0.18201594	-0.18176252
-0.17414314	-0.16748267
-0.16280144	-0.15238678
-0.14927968	-0.13198692
-0.13548577	-0.11301512
-0.12331584	-0.11097509
-0.11412310	-0.10873115
-0.10847484	-0.11403507
-0.10621793	-0.11566705
-0.10675938	-0.11444306
-0.10940759	-0.11117911
-0.11362270	-0.10934311
-0.11909328	-0.10424316
-0.12568328	-0.11383110
-0.13334297	-0.13484293
-0.14196678	-0.14953083
-0.15103288	-0.16217870
-0.15896946	-0.17278659
-0.16270500	-0.17197061
-0.15858898	-0.15830272
-0.14546941	-0.13871890
-0.12711973	-0.11281109
-0.10950211	-0.10036719
-0.09573532	-0.09037125
-0.08534417	-0.07935536
-0.07707085	-0.07017541
-0.07100179	-0.07323539
-0.06838660	-0.06629950
-0.07036579	-0.06731945
-0.07720899	-0.07629538
-0.08840904	-0.09934723
-0.10310987	-0.11301512
-0.12040062	-0.12974298
-0.13938470	-0.14055490
-0.15915079	-0.15503877
-0.17879206	-0.17339861
-0.19750468	-0.20338637
-0.21470018	-0.22929418
-0.23006029	-0.24643004
-0.24351256	-0.26111794
-0.25515911	-0.26254588
-0.26519737	-0.25887394
-0.27386156	-0.25397795
-0.28138867	-0.26254588
-0.28800347	-0.27131784
-0.29390988	-0.28212976
-0.29928601	-0.29559362
-0.30428019	-0.31028152
-0.30901101	-0.31925744
-0.31357205	-0.32354140
-0.31803873	-0.32231742
-0.32247624	-0.32272542
-0.32694396	-0.32619339
-0.33149606	-0.33088535
-0.33617845	-0.33720928
-0.34102476	-0.34434927
-0.34605315	-0.34761322
-0.35125950	-0.35210121
-0.35659248	-0.35638517
-0.36189386	-0.36066914
-0.36683512	-0.37066501
-0.37097478	-0.38249695
-0.37402564	-0.38045698
-0.37612125	-0.38025296
-0.37773013	-0.37372500
-0.37927058	-0.36780906
-0.38083819	-0.36638105
-0.38224366	-0.37923294
-0.38321555	-0.39024889
-0.38358495	-0.39473683
-0.38336712	-0.39494085
-0.38274530	-0.38800490
-0.38201165	-0.37780499
-0.38152656	-0.37046105
-0.38170266	-0.37637699
-0.38295934	-0.38535291
-0.38561907	-0.39249283
-0.38978964	-0.39575684
-0.39529657	-0.40085679
-0.40168688	-0.40391678
-0.40830013	-0.40718073
-0.41439152	-0.41248471
-0.41929209	-0.42166466
-0.42257714	-0.42533660
-0.42419425	-0.42390859
-0.42449257	-0.42207265
-0.42411059	-0.41880864
-0.42374566	-0.41432071
-0.42389515	-0.41207671
-0.42468175	-0.41758466
-0.42579812	-0.42370462
-0.42651919	-0.42880458
-0.42574650	-0.43084455
-0.42217496	-0.42819256
-0.41468200	-0.41391271
-0.40288112	-0.39738882
-0.38760936	-0.38127297
-0.37106726	-0.36536109
-0.35635689	-0.35046917
-0.34635365	-0.34536922
-0.34233040	-0.34516525
-0.34330451	-0.34536922
-0.34685522	-0.34863323
-0.35082367	-0.35556918
-0.35436815	-0.35903710
-0.35775530	-0.35414118
-0.36159939	-0.35597718
-0.36633021	-0.36291307
-0.37203506	-0.36515707
-0.37848714	-0.37596899
-0.38520083	-0.38963687
-0.39146313	-0.39351285
-0.39636928	-0.39575684
-0.39890847	-0.39902079
-0.39813587	-0.39677685
-0.39347348	-0.38861692
-0.38514921	-0.38106894
-0.37454721	-0.36638105
-0.36406335	-0.35414118
-0.35643953	-0.34904122
-0.35377780	-0.34700119
-0.35653976	-0.35108119
-0.36323798	-0.36291307
-0.37115243	-0.37474501
-0.37760392	-0.37535697
-0.38096514	-0.38147694
-0.38092762	-0.38208896
-0.37816373	-0.37882495
-0.37381864	-0.36801308
-0.36910799	-0.36250508
-0.36506119	-0.35658914
-0.36237189	-0.35393715
-0.36133441	-0.35332519
-0.36187074	-0.36046511
-0.36363497	-0.36189312
-0.36615708	-0.36536109
-0.36897796	-0.36984903
-0.37174365	-0.37698901
-0.37424931	-0.38025296
-0.37644249	-0.38759691
-0.37840068	-0.38882089
-0.38029405	-0.38759691
-0.38233706	-0.38351691
-0.38473386	-0.38229293
-0.38761750	-0.38474095
-0.39099124	-0.39024889
-0.39468476	-0.39677685
-0.39834529	-0.40208077
-0.40148112	-0.40922076
-0.40355954	-0.40432477
-0.40413985	-0.40330476
-0.40299872	-0.39616483
-0.40020248	-0.38718891
-0.39609709	-0.37923294
-0.39122140	-0.37923294
-0.38617682	-0.37433702
-0.38149676	-0.37433702
-0.37755975	-0.37719297
-0.37456021	-0.37964094
-0.37253508	-0.38066095
-0.37141550	-0.37168503
-0.37108448	-0.37066501
-0.37142518	-0.37270504
-0.37236378	-0.37372500
-0.37390754	-0.37535697
