0.00207707	0.00000000
0.00109206	0.00189030
0.00573127	0.00189030
0.00208016	0.00135028
-0.00416715	-0.00405079
-0.00964485	-0.01161218
-0.01453291	-0.01890361
-0.01757683	-0.01971376
-0.01776965	-0.02133405
-0.01511051	-0.01728326
-0.01052357	-0.01485282
-0.00534631	-0.00405079
-0.00072659	-0.00432080
0.00272899	0.00243044
0.00515114	0.00405073
0.00730138	0.00486088
0.01003556	0.00270057
0.01374136	0.01161218
0.01815905	0.01404262
0.02255054	0.01944375
0.02604635	0.02619493
0.02803196	0.02862549
0.02843915	0.02430463
0.02781998	0.02268434
0.02714892	0.02727520
0.02743589	0.02727520
0.02935554	0.02943563
0.03307287	0.03456652
0.03829552	0.03969753
0.04446231	0.04023767
0.05095761	0.05076969
0.05727896	0.06130159
0.06312181	0.06886303
0.06838363	0.07399404
0.07310995	0.07669461
0.07742107	0.07885504
0.08144714	0.08371592
0.08528686	0.08533621
0.08899228	0.08965707
0.09259639	0.09640837
0.09620751	0.09964895
0.10018638	0.09937882
0.10532682	0.10910070
0.11276745	0.11774242
0.12324060	0.13286519
0.13590907	0.14447749
0.14791445	0.15338910
0.15546951	0.15689981
0.15617783	0.15581965
0.15031497	0.14420736
0.14001358	0.13448560
0.12782277	0.12314343
0.11583658	0.11261141
0.10546442	0.10315955
0.09752641	0.09559822
0.09242127	0.09019709
0.09023297	0.08992708
0.09073994	0.08803678
0.09341888	0.09019709
0.09759364	0.10315955
0.10267629	0.11153114
0.10817719	0.11450171
0.11341353	0.11936271
0.11736421	0.12638402
0.11898632	0.12179315
0.11771557	0.11612201
0.11372926	0.11369157
0.10784648	0.10829055
0.10119101	0.09883881
0.09479864	0.09127736
0.08929542	0.08722663
0.08472557	0.08344591
0.08056337	0.07858491
0.07591309	0.07129359
0.06985032	0.06535244
0.06180309	0.06265187
0.05181405	0.05617070
0.04052626	0.04725897
0.02890003	0.04077780
0.01786398	0.02457464
0.00808096	0.00972188
-0.00016376	-0.00459087
-0.00696756	-0.01269239
-0.01269656	-0.02187413
-0.01779496	-0.02646500
-0.02259055	-0.02997571
-0.02718167	-0.03321630
-0.03146785	-0.03942752
-0.03527585	-0.04158789
-0.03845179	-0.03996760
-0.04086319	-0.04401839
-0.04238023	-0.04077774
-0.04289722	-0.03510666
-0.04237362	-0.03240615
-0.04085264	-0.02889550
-0.03844769	-0.02835536
-0.03531928	-0.03159600
-0.03166260	-0.03672695
-0.02771018	-0.02646500
-0.02373653	-0.02106398
-0.02004628	-0.01809347
-0.01693926	-0.01566297
-0.01465541	-0.00864166
-0.01332121	-0.01512289
-0.01291796	-0.02052391
-0.01328897	-0.01080203
-0.01418551	-0.00810152
-0.01533735	-0.00918174
-0.01652193	-0.01404268
-0.01760789	-0.01512289
-0.01856160	-0.02430463
-0.01942131	-0.02376449
-0.02025947	-0.02214420
-0.02115162	-0.02106398
-0.02216235	-0.02079397
-0.02334332	-0.02025384
-0.02473391	-0.02322441
-0.02635934	-0.03186607
-0.02822129	-0.03267622
-0.03028875	-0.03348637
-0.03249041	-0.03294629
-0.03470964	-0.02862543
-0.03676428	-0.02295434
-0.03835806	-0.02457470
-0.03905594	-0.02808535
-0.03848610	-0.03402644
-0.03672832	-0.03996760
-0.03414834	-0.03807724
-0.03078607	-0.03294629
-0.02653137	-0.02673507
-0.02147447	-0.02268434
-0.01600146	-0.01431274
-0.01092787	-0.01107210
-0.00745773	-0.00945181
-0.00681060	-0.00945181
-0.00974804	-0.00999188
-0.01636329	-0.02079397
-0.02617571	-0.03483659
-0.03840762	-0.04617876
-0.05232262	-0.05968136
-0.06750066	-0.07426411
-0.08390513	-0.09100729
-0.10160980	-0.10856062
-0.12029053	-0.12773424
-0.13893603	-0.14771807
-0.15612011	-0.16095060
-0.17055295	-0.17013234
-0.18142013	-0.17607343
-0.18842870	-0.18147451
-0.19173567	-0.18363488
-0.19189705	-0.18849581
-0.18994226	-0.19119632
-0.18741848	-0.19119632
-0.18598472	-0.19119632
-0.18656497	-0.19092625
-0.18904607	-0.19227654
-0.19295238	-0.19551712
-0.19794081	-0.20388871
-0.20370404	-0.21469080
-0.20981164	-0.22279233
-0.21569258	-0.23062384
-0.22072400	-0.23413450
-0.22435246	-0.23062384
-0.22619183	-0.22603297
-0.22607248	-0.22306240
-0.22404534	-0.21982175
-0.22035661	-0.21766138
-0.21541585	-0.21685117
-0.20976865	-0.21307051
-0.20406750	-0.20523900
-0.19900052	-0.19659734
-0.19509915	-0.19092625
-0.19235925	-0.18714553
-0.18995737	-0.18417501
-0.18687840	-0.18660545
-0.18331084	-0.18768567
-0.18085869	-0.19011611
-0.18116783	-0.18876588
-0.18457465	-0.19092625
-0.19003330	-0.18795574
-0.19616349	-0.18768567
-0.20200096	-0.19119632
-0.20704858	-0.19848770
-0.21113195	-0.20442885
-0.21425515	-0.21361059
-0.21649499	-0.22387254
-0.21792872	-0.22738320
-0.21857242	-0.22792333
-0.21829949	-0.22468269
-0.21672733	-0.22171211
-0.21315570	-0.21496081
-0.20689173	-0.20091820
-0.19810481	-0.18579531
-0.18811791	-0.17094249
-0.17850406	-0.16149068
-0.17038341	-0.15284902
-0.16434178	-0.14879829
-0.16045450	-0.14528763
-0.15836222	-0.14987850
-0.15744527	-0.15257901
-0.15704308	-0.15635973
-0.15663286	-0.16311097
-0.15592453	-0.16311097
-0.15487297	-0.16014045
-0.15362601	-0.15419930
-0.15243816	-0.14771807
-0.15157199	-0.14420742
-0.15120758	-0.15122873
-0.15138040	-0.15608966
-0.15197058	-0.16149068
-0.15275203	-0.16122061
-0.15348043	-0.15960032
-0.15397520	-0.15662974
-0.15415709	-0.15419930
-0.15403368	-0.15176886
-0.15366077	-0.15500945
-0.15310660	-0.15392923
-0.15243122	-0.15365922
-0.15168206	-0.15203887
-0.15089683	-0.14798814
-0.15010749	-0.14555764
-0.14934273	-0.14339727
-0.14862993	-0.14393735
-0.14799334	-0.14609778
-0.14745235	-0.14879829
-0.14702001	-0.14852822
-0.14670096	-0.15392923
-0.14648984	-0.15311909
-0.14637157	-0.14960843
-0.14632082	-0.14069670
-0.14630282	-0.14150691
-0.14627545	-0.13853633
-0.14619200	-0.13583583
-0.14600570	-0.13637590
-0.14567487	-0.14420742
-0.14516857	-0.14447743
-0.14447168	-0.14609778
-0.14358968	-0.14690793
-0.14254926	-0.14825815
-0.14139889	-0.14879829
-0.14020440	-0.14420742
