0.00066540	0.00000000
0.02253302	0.02056956
0.02650978	0.02795362
0.02906655	0.02531648
0.03063913	0.02689874
0.03168087	0.02848101
0.03075876	0.02689874
0.02761550	0.02637136
0.02345716	0.02742612
0.01978089	0.02584386
0.01774858	0.01951480
0.01781099	0.01424050
0.01946838	0.01371312
0.02132888	0.01424050
0.02161364	0.01371312
0.01899143	0.01054847
0.01311912	0.01054847
0.00445102	0.01002109
-0.00628181	-0.00369197
-0.01832051	-0.01687765
-0.03084554	-0.02848101
-0.04295659	-0.04694092
-0.05377352	-0.06751055
-0.06256515	-0.07225740
-0.06881641	-0.06856543
-0.07222046	-0.06909281
-0.07265021	-0.06487340
-0.07018678	-0.05801690
-0.06525120	-0.05485231
-0.05876751	-0.05907172
-0.05222669	-0.05643457
-0.04745112	-0.05748945
-0.04569576	-0.05696201
-0.04667825	-0.05379748
-0.04900559	-0.05168778
-0.05171923	-0.05116034
-0.05475378	-0.04746836
-0.05809369	-0.04957807
-0.06139864	-0.05537975
-0.06428573	-0.05959916
-0.06648427	-0.06381857
-0.06774570	-0.07172996
-0.06777926	-0.07383966
-0.06636209	-0.07383966
-0.06356898	-0.07278478
-0.05996127	-0.06909281
-0.05657538	-0.06065398
-0.05463803	-0.05485231
-0.05510795	-0.05327004
-0.05830167	-0.05327004
-0.06381856	-0.06065398
-0.07074437	-0.07067513
-0.07796430	-0.08016878
-0.08446116	-0.08755273
-0.08955286	-0.09282702
-0.09295323	-0.09177214
-0.09459176	-0.09229958
-0.09440059	-0.09124470
-0.09231124	-0.08966243
-0.08841098	-0.09018987
-0.08303553	-0.08280593
-0.07672667	-0.07331222
-0.07013232	-0.06645572
-0.06392624	-0.05801690
-0.05875901	-0.05116034
-0.05521781	-0.05168778
-0.05376562	-0.05432487
-0.05464806	-0.05643457
-0.05778784	-0.06223631
-0.06273527	-0.06645572
-0.06874285	-0.07278478
-0.07496326	-0.07753164
-0.08068142	-0.08333331
-0.08546478	-0.08702534
-0.08919021	-0.09018987
-0.09198973	-0.09282702
-0.09418660	-0.09546411
-0.09625206	-0.09440929
-0.09876110	-0.09493673
-0.10229700	-0.09810126
-0.10730118	-0.10284811
-0.11397576	-0.11339664
-0.12237497	-0.12658226
-0.13259767	-0.13924050
-0.14480056	-0.14926159
-0.15894876	-0.16191983
-0.17454031	-0.17827004
-0.19055696	-0.19409281
-0.20568526	-0.20675105
-0.21867281	-0.22046411
-0.22865061	-0.22995782
-0.23531298	-0.23312235
-0.23892844	-0.23575950
-0.24020879	-0.23892403
-0.24008368	-0.23786920
-0.23944281	-0.24156117
-0.23892044	-0.24208862
-0.23877954	-0.24103373
-0.23891333	-0.23734176
-0.23894294	-0.23945147
-0.23837809	-0.23628694
-0.23683499	-0.23312235
-0.23428859	-0.22995782
-0.23119082	-0.22784811
-0.22819625	-0.22521096
-0.22568877	-0.22257382
-0.22370842	-0.22310126
-0.22227389	-0.22468352
-0.22160585	-0.23154008
-0.22208008	-0.23312235
-0.22404793	-0.23470461
-0.22767051	-0.23628694
-0.23282500	-0.23892403
-0.23905081	-0.23892403
-0.24548177	-0.24472576
-0.25086027	-0.24947256
-0.25395963	-0.25369197
-0.25431022	-0.25263715
-0.25244156	-0.25316453
-0.24948190	-0.25316453
-0.24666829	-0.25474685
-0.24501716	-0.25158226
-0.24512319	-0.25527424
-0.24711381	-0.25843883
-0.25077903	-0.26002109
-0.25575927	-0.25949365
-0.26168185	-0.26265824
-0.26822987	-0.26898736
-0.27516794	-0.27162445
-0.28233299	-0.27478904
-0.28958943	-0.28639239
-0.29676399	-0.29799581
-0.30360648	-0.30379748
-0.30983379	-0.31329113
-0.31525099	-0.32225740
-0.31987229	-0.32647681
-0.32396162	-0.32911390
-0.32798257	-0.33544302
-0.33250058	-0.34018987
-0.33807817	-0.34546411
-0.34518036	-0.35126585
-0.35408029	-0.35970461
-0.36474639	-0.36708862
-0.37673137	-0.37816453
-0.38915297	-0.39029539
-0.40087458	-0.40084386
-0.41084594	-0.41086495
-0.41839108	-0.42194092
-0.42327085	-0.42194092
-0.42556074	-0.42141348
-0.42549264	-0.42616034
-0.42335680	-0.42457807
-0.41948494	-0.41772151
-0.41428378	-0.41666669
-0.40827286	-0.41191983
-0.40207252	-0.40189874
-0.39632103	-0.39662445
-0.39155999	-0.39345992
-0.38814420	-0.39029539
-0.38621554	-0.38976794
-0.38575780	-0.38924050
-0.38669959	-0.39135021
-0.38895509	-0.39240509
-0.39233539	-0.39504218
-0.39642256	-0.39873415
-0.40055159	-0.40295357
-0.40394208	-0.40084386
-0.40591124	-0.39926159
-0.40606350	-0.39767933
-0.40439114	-0.39398736
-0.40127453	-0.39029539
-0.39739892	-0.39029539
-0.39361170	-0.39240509
-0.39074475	-0.39451474
-0.38943174	-0.39504218
-0.38997021	-0.39556962
-0.39227685	-0.39767933
-0.39594585	-0.39715189
-0.40037769	-0.39504218
-0.40492555	-0.39767933
-0.40901121	-0.39873415
-0.41219398	-0.40031648
-0.41419414	-0.40664560
-0.41488627	-0.41297466
-0.41427872	-0.41719407
-0.41249248	-0.42405063
-0.40974244	-0.42668778
-0.40631816	-0.42088610
-0.40255487	-0.41508436
-0.39879203	-0.40084386
-0.39532292	-0.38871306
-0.39235032	-0.37974685
-0.38996437	-0.37447256
-0.38815627	-0.37183547
-0.38686004	-0.37869197
-0.38600910	-0.38238394
-0.38557443	-0.38502109
-0.38556626	-0.38871306
-0.38599074	-0.39135021
-0.38677600	-0.39504218
-0.38769838	-0.39926159
-0.38833985	-0.40137130
-0.38810560	-0.39556962
-0.38631395	-0.39398736
-0.38235164	-0.38080168
-0.37585193	-0.36234176
-0.36684400	-0.34651899
-0.35582593	-0.33966243
-0.34374350	-0.32700419
-0.33187154	-0.32383966
-0.32159963	-0.32067513
-0.31414595	-0.31592828
-0.31025964	-0.31065398
-0.31001440	-0.31276369
-0.31279081	-0.31329113
-0.31747437	-0.31592828
-0.32279304	-0.31962025
-0.32765508	-0.32647681
-0.33136433	-0.32964134
-0.33366451	-0.32753164
-0.33464926	-0.32594937
-0.33460990	-0.32753164
-0.33388540	-0.32647681
-0.33275554	-0.32647681
-0.33138677	-0.33280593
-0.32982978	-0.33808017
-0.32805279	-0.33966243
-0.32599375	-0.33702534
-0.32361209	-0.32805908
-0.32092649	-0.32067513
-0.31802964	-0.31487340
-0.31508297	-0.30907172
-0.31229430	-0.30643457
-0.30988947	-0.30643457
-0.30808383	-0.30485231
-0.30706006	-0.30379748
-0.30695373	-0.30537975
-0.30784616	-0.30801690
-0.30976069	-0.31434602
-0.31266168	-0.32014769
-0.31645271	-0.32542193
