-0.00001494	0.00000000
0.01800667	0.01934528
0.03553168	0.03323412
0.06079631	0.05059528
0.06393616	0.06547618
0.05683170	0.05828369
0.04425247	0.04885912
0.03058596	0.03298616
0.01898147	0.01860118
0.00914298	0.00000000
-0.00090761	-0.00744045
-0.01237623	-0.01984125
-0.02522068	-0.02852184
-0.03834392	-0.04042661
-0.04998590	-0.05059522
-0.05826060	-0.05753970
-0.06171770	-0.05877978
-0.05982210	-0.05877978
-0.05316843	-0.05877978
-0.04328327	-0.05729169
-0.03218590	-0.03323412
-0.02193858	-0.01909721
-0.01422737	-0.00892860
-0.00995688	-0.00347221
-0.00896038	-0.00223213
-0.01005639	-0.01835316
-0.01158263	-0.02033728
-0.01217754	-0.02306545
-0.01129775	-0.01984125
-0.00918691	-0.00992066
-0.00648223	-0.00471228
-0.00380780	-0.00372022
-0.00156079	0.00124013
0.00009982	0.00644839
0.00115493	0.00446427
0.00160724	0.00570440
0.00140128	0.00173616
0.00040126	-0.00248015
-0.00157839	-0.00992066
-0.00470421	-0.01165676
-0.00904041	-0.01587301
-0.01448477	-0.02182537
-0.02076783	-0.02827382
-0.02754526	-0.03273809
-0.03456350	-0.04017860
-0.04180748	-0.04365081
-0.04950693	-0.04340279
-0.05792008	-0.04786706
-0.06693684	-0.05654764
-0.07571302	-0.06770831
-0.08264718	-0.08581346
-0.08575507	-0.09424603
-0.08315895	-0.08159721
-0.07367830	-0.06845236
-0.05636545	-0.05183530
-0.02797632	-0.02356154
0.01477892	0.02033734
0.07172301	0.07837307
0.13945477	0.17162693
0.21042003	0.23859131
0.27263722	0.30009925
0.31450880	0.33134925
0.33222738	0.32936513
0.33138651	0.31547618
0.32151541	0.31547618
0.31046852	0.31845236
0.30268797	0.32192457
0.29997292	0.33035719
0.30247924	0.31398809
0.30916202	0.31051588
0.31795055	0.30357146
0.32606047	0.32986116
0.33054665	0.32936513
0.32897869	0.32986116
0.32006258	0.32291663
0.30405882	0.31001985
0.28287905	0.26785719
0.25978175	0.25297618
0.23861742	0.24206352
0.22269996	0.23536706
0.21372674	0.23735118
0.21135430	0.23660719
0.21362019	0.22271824
0.21783078	0.21403766
0.22140600	0.20982146
0.22239843	0.20411706
0.21962963	0.18973219
0.21255390	0.20312500
0.20104654	0.19568455
0.18529265	0.18328369
0.16583233	0.16443455
0.14373930	0.14806545
0.12090041	0.11383927
0.09988496	0.09499013
0.08247342	0.07862103
0.06827997	0.06200397
0.05584444	0.05853176
0.04487795	0.05009925
0.03694101	0.03769839
0.03377226	0.02752972
0.03601250	0.02207339
0.04345308	0.03621030
0.05516787	0.05109131
0.06957119	0.07514882
0.08479511	0.09821427
0.09911047	0.12375987
0.11117802	0.12425590
0.12009678	0.13045633
0.12532784	0.12723219
0.12664433	0.12375987
0.12420982	0.11954367
0.11871353	0.11433530
0.11136021	0.10615075
0.10360570	0.10218251
0.09675518	0.09325397
0.09165338	0.08804560
0.08860411	0.07663691
0.08748220	0.06919646
0.08792099	0.06448412
0.08947705	0.06994045
0.09173022	0.07614088
0.09432669	0.09970236
0.09698181	0.11458337
0.09946614	0.12624013
0.10158671	0.13045633
0.10316989	0.12946427
0.10404816	0.12028766
0.10404988	0.11185515
0.10299184	0.10441470
0.10067841	0.09846234
0.09691525	0.09250987
0.09155059	0.08308530
0.08454970	0.07713294
0.07608829	0.06498015
0.06660172	0.05357146
0.05671245	0.04191470
0.04704441	0.03149807
0.03804664	0.02728176
0.02987489	0.02480161
0.02226488	0.02008927
0.01463939	0.01884925
0.00671581	0.01488090
-0.00103394	0.00446427
-0.00772934	-0.00471228
-0.01272175	-0.01289684
-0.01585287	-0.01785713
-0.01734394	-0.02058530
-0.01761372	-0.01909721
-0.01720185	-0.01636904
-0.01677941	-0.01314485
-0.01715042	-0.01190478
-0.01915553	-0.01835316
-0.02345882	-0.02628970
-0.03027424	-0.03273809
-0.03916319	-0.04365081
-0.04904795	-0.05803573
-0.05849695	-0.06423610
-0.06617269	-0.06994045
-0.07121684	-0.07465279
-0.07339798	-0.07316470
-0.07302214	-0.07068455
-0.07072772	-0.06919640
-0.06727645	-0.06374007
-0.06339052	-0.05877978
-0.05963624	-0.05530757
-0.05635702	-0.05233133
-0.05366073	-0.04935515
-0.05146722	-0.04985118
-0.04959577	-0.04985118
-0.04785710	-0.04910713
-0.04613645	-0.04885912
-0.04443464	-0.04662699
-0.04283041	-0.04340279
-0.04136839	-0.04067463
-0.03994866	-0.03869045
-0.03830639	-0.03695434
-0.03612725	-0.03546625
-0.03326444	-0.03447419
-0.02989009	-0.03397816
-0.02641029	-0.03273809
-0.02322805	-0.02455360
-0.02062256	-0.01760912
-0.01880891	-0.01066470
-0.01799834	-0.01388890
-0.01837160	-0.01264882
-0.02001965	-0.02182537
-0.02291217	-0.02752978
-0.02688625	-0.03348213
-0.03165087	-0.02926588
-0.03681329	-0.02976191
-0.04194033	-0.02926588
-0.04663603	-0.03249007
-0.05060570	-0.03497022
-0.05368572	-0.03993058
-0.05583639	-0.04563493
-0.05711675	-0.04761904
-0.05764468	-0.04935515
-0.05755703	-0.05332339
-0.05697408	-0.05431545
-0.05597802	-0.05803573
-0.05462454	-0.06101191
-0.05299079	-0.06324404
-0.05125950	-0.06597221
-0.04980077	-0.06721228
-0.04917686	-0.06225199
-0.04993746	-0.05977184
-0.05208448	-0.05679566
-0.05443106	-0.04836309
-0.05489685	-0.04042661
-0.05208446	-0.03497022
-0.04603627	-0.03025794
-0.03760657	-0.02157736
-0.02789952	-0.01463294
-0.01804776	-0.01364088
-0.00916666	-0.01116073
-0.00230058	-0.00620037
0.00176720	-0.00694442
0.00275204	-0.01041669
0.00097843	-0.00843257
-0.00271358	-0.00942463
-0.00720192	-0.01190478
-0.01133513	-0.01190478
-0.01412926	-0.00992066
-0.01490554	-0.00868058
-0.01339155	-0.00719243
-0.00979177	-0.00545633
-0.00477839	-0.00545633
0.00068369	-0.00496030
0.00569477	-0.00124007
0.00981035	0.00793648
0.01320429	0.01860118
0.01646531	0.02827382
0.02018056	0.03472221
0.02460384	0.03273809
0.02959323	0.02827382
0.03476701	0.02976191
0.03971499	0.03199410
0.04413953	0.03546631
0.04790209	0.04489088
0.05100592	0.05357146
0.05356103	0.06225193
