-0.00031179	0.00000000
0.00749178	0.00796807
0.02243237	0.01543820
0.03365315	0.02988052
0.03377171	0.03984058
0.03791879	0.04083669
0.03386672	0.02888441
0.02056976	0.01543820
0.00022908	-0.00448209
-0.02139644	-0.02241033
-0.03839968	-0.03735059
-0.04746287	-0.04631472
-0.04868670	-0.04681277
-0.04425360	-0.04482073
-0.03688604	-0.04432273
-0.02904312	-0.03436255
-0.02253911	-0.02340639
-0.01838875	-0.01494026
-0.01686531	-0.01892430
-0.01765458	-0.01942229
-0.01997405	-0.02141434
-0.02265549	-0.02490038
-0.02439794	-0.02888447
-0.02441916	-0.02539843
-0.02312302	-0.02340639
-0.02184609	-0.02539843
-0.02180223	-0.02440238
-0.02349663	-0.02539843
-0.02681305	-0.02838647
-0.03121584	-0.03486055
-0.03592837	-0.03735059
-0.04014810	-0.04233068
-0.04325698	-0.04581672
-0.04493705	-0.04731077
-0.04515015	-0.04930282
-0.04402521	-0.04432273
-0.04173344	-0.03884465
-0.03840565	-0.03486055
-0.03411033	-0.02988046
-0.02887687	-0.02191234
-0.02274169	-0.02191234
-0.01579909	-0.01892430
-0.00824106	-0.01245022
-0.00037785	-0.00647408
0.00736913	0.00149405
0.01450467	0.01593626
0.02052568	0.03037846
0.02499752	0.04282868
0.02761834	0.04531872
0.02824821	0.04233062
0.02689567	0.02938247
0.02368145	0.01543820
0.01880717	0.00099599
0.01255731	-0.00348604
0.00533571	-0.00298804
-0.00230096	-0.00199205
-0.00966866	-0.00697213
-0.01607442	-0.00996017
-0.02097229	-0.01245022
-0.02406137	-0.02141434
-0.02528882	-0.02539843
-0.02481752	-0.02539843
-0.02301536	-0.02589643
-0.02044857	-0.02340639
-0.01783040	-0.02091634
-0.01590834	-0.01842630
-0.01532651	-0.01792830
-0.01652524	-0.01792830
-0.01971516	-0.02340639
-0.02492340	-0.02689242
-0.03207406	-0.02988046
-0.04105701	-0.03535855
-0.05175476	-0.04531872
-0.06401342	-0.05577689
-0.07755986	-0.07071716
-0.09188984	-0.09163344
-0.10621709	-0.11055779
-0.11963739	-0.12549800
-0.13151665	-0.14043826
-0.14179875	-0.15488046
-0.15093167	-0.16235059
-0.15943249	-0.16932273
-0.16732658	-0.17480081
-0.17385752	-0.17878485
-0.17789449	-0.17529881
-0.17889901	-0.17231077
-0.17761432	-0.16832668
-0.17576407	-0.16982073
-0.17501108	-0.17231077
-0.17616938	-0.17729086
-0.17918894	-0.18426293
-0.18358494	-0.19521910
-0.18883330	-0.19721115
-0.19456662	-0.19920319
-0.20062658	-0.20318723
-0.20703976	-0.20866531
-0.21391718	-0.21065736
-0.22125693	-0.22011954
-0.22868399	-0.22808766
-0.23527552	-0.23705178
-0.23967554	-0.24003983
-0.24061941	-0.24203187
-0.23771366	-0.23804784
-0.23196250	-0.23456174
-0.22546278	-0.22808766
-0.22030944	-0.22061753
-0.21753801	-0.21713150
-0.21686117	-0.21464145
-0.21717687	-0.21215141
-0.21736436	-0.20717132
-0.21694413	-0.20866531
-0.21623991	-0.20617533
-0.21581537	-0.20617533
-0.21576592	-0.20766932
-0.21575324	-0.21264941
-0.21550488	-0.21364540
-0.21509315	-0.21663344
-0.21490273	-0.22011954
-0.21546765	-0.22410357
-0.21730338	-0.22659361
-0.22078469	-0.22908366
-0.22607414	-0.23107570
-0.23307954	-0.23655379
-0.24142955	-0.24501991
-0.25047705	-0.25597608
-0.25934938	-0.26494026
-0.26702422	-0.26992029
-0.27238110	-0.27041835
-0.27435723	-0.26593626
-0.27239951	-0.25846612
-0.26687565	-0.25498009
-0.25896806	-0.25298804
-0.25021672	-0.25149405
-0.24206464	-0.24501991
-0.23559897	-0.24402392
-0.23150788	-0.24352592
-0.23011862	-0.24302787
-0.23144214	-0.23954183
-0.23522568	-0.24203187
-0.24102382	-0.23804784
-0.24827687	-0.23705178
-0.25638214	-0.23954183
-0.26474056	-0.25049800
-0.27278706	-0.26992029
-0.28003296	-0.28934264
-0.28614238	-0.30029881
-0.29102230	-0.30727094
-0.29486641	-0.31075698
-0.29811582	-0.30378485
-0.30135944	-0.30029881
-0.30522004	-0.30328685
-0.31026095	-0.30976093
-0.31691429	-0.31274903
-0.32541636	-0.31772906
-0.33572921	-0.32320720
-0.34745154	-0.33515936
-0.35977349	-0.35507971
-0.37157339	-0.37898403
-0.38169286	-0.39990038
-0.38926271	-0.41683269
-0.39388821	-0.42280877
-0.39563018	-0.41583663
-0.39486986	-0.40189242
-0.39215717	-0.38745022
-0.38807809	-0.37699205
-0.38315120	-0.37201196
-0.37776566	-0.36653388
-0.37219074	-0.36454183
-0.36666057	-0.36553782
-0.36147681	-0.36254978
-0.35703507	-0.35607570
-0.35373470	-0.35358566
-0.35183331	-0.35458165
-0.35133788	-0.35358566
-0.35198930	-0.35607570
-0.35334131	-0.35806775
-0.35490260	-0.36055779
-0.35629329	-0.36254978
-0.35736462	-0.36653388
-0.35823968	-0.36952192
-0.35925958	-0.37151396
-0.36085492	-0.37300795
-0.36339107	-0.37500000
-0.36704299	-0.37699205
-0.37174073	-0.37898403
-0.37719640	-0.38595617
-0.38299495	-0.39143425
-0.38870832	-0.39492029
-0.39399216	-0.39741033
-0.39864165	-0.39890438
-0.40259704	-0.39890438
-0.40591130	-0.40089643
-0.40869504	-0.40438247
-0.41105756	-0.40637451
-0.41306165	-0.40986055
-0.41469702	-0.41334659
-0.41587880	-0.41633469
-0.41646364	-0.41733068
-0.41627488	-0.41733068
-0.41511837	-0.41683269
-0.41277900	-0.41533864
-0.40899917	-0.41434264
-0.40346333	-0.41235059
-0.39583027	-0.39541835
-0.38586244	-0.37549800
-0.37366971	-0.35507971
-0.36000606	-0.33615535
-0.34643602	-0.31922311
-0.33513308	-0.32221115
-0.32823095	-0.32768923
-0.32694486	-0.33217132
-0.33091661	-0.33515936
-0.33820257	-0.34013945
-0.34597203	-0.34711158
-0.35152769	-0.35308766
-0.35310373	-0.35756969
-0.35014647	-0.35209161
-0.34313193	-0.34312749
-0.33316594	-0.33167332
-0.32159799	-0.32270914
-0.30975649	-0.31025898
-0.29880321	-0.30029881
-0.28965369	-0.29133469
-0.28292111	-0.28087652
-0.27886981	-0.26992029
-0.27739581	-0.26942229
-0.27806029	-0.27938247
-0.28019044	-0.28486055
-0.28303543	-0.29332668
-0.28593054	-0.29830676
-0.28842247	-0.29830676
-0.29031900	-0.29282868
-0.29166457	-0.29033864
-0.29266620	-0.28834659
-0.29360333	-0.28585654
-0.29474640	-0.28685260
-0.29630235	-0.28884465
-0.29838705	-0.29432273
-0.30102131	-0.29780877
-0.30414280	-0.30278885
-0.30762520	-0.30129480
