0.00095202	0.00000000
0.00216466	0.00236297
0.00947395	0.00567102
0.00790413	0.00992441
0.01372360	0.01323247
0.02056878	0.01275992
0.02901082	0.02362955
0.04056706	0.03922498
0.05354224	0.05529296
0.06486787	0.06616259
0.07260701	0.07514179
0.07710950	0.07750475
0.08088322	0.07514179
0.08757924	0.08223057
0.10037079	0.10018909
0.12015454	0.11578453
0.14444898	0.14650285
0.16859482	0.17438567
0.18875052	0.19281662
0.20365776	0.20557654
0.21411021	0.21928167
0.22139864	0.21455574
0.22598337	0.21833646
0.22752036	0.22589791
0.22602116	0.22731566
0.22220708	0.22731566
0.21695845	0.22589791
0.21099362	0.21880913
0.20493893	0.20841205
0.19935383	0.19896030
0.19451846	0.18903589
0.19018753	0.18194711
0.18566857	0.17580342
0.18029281	0.17013228
0.17389281	0.16682422
0.16687204	0.16824198
0.15986030	0.16776943
0.15329021	0.16304350
0.14719796	0.15595460
0.14130598	0.14272213
0.13525219	0.12901700
0.12886356	0.11720228
0.12239058	0.10727787
0.11649797	0.10633266
0.11191412	0.10491490
0.10899293	0.10916829
0.10752350	0.11342156
0.10687906	0.11720228
0.10636106	0.10916829
0.10552794	0.10869563
0.10436586	0.10538757
0.10330382	0.10396981
0.10320748	0.10066164
0.10542209	0.10491490
0.11163639	0.11436677
0.12301464	0.12807178
0.13865365	0.14272213
0.15508050	0.16115308
0.16810535	0.16965973
0.17528324	0.17249525
0.17681994	0.17249525
0.17495598	0.16729677
0.17257711	0.16351604
0.17162584	0.16729677
0.17224051	0.16918719
0.17321710	0.16824198
0.17319098	0.17533076
0.17152962	0.18005669
0.16850854	0.18100190
0.16493492	0.18241966
0.16163895	0.17911148
0.15916944	0.16965973
0.15775575	0.15311909
0.15741280	0.14508510
0.15805165	0.14035916
0.15953641	0.14272213
0.16168730	0.15075612
0.16426565	0.16776943
0.16697945	0.17816639
0.16953023	0.18620038
0.17169569	0.18950856
0.17341189	0.18572783
0.17480098	0.18147445
0.17610003	0.17674863
0.17751147	0.17485821
0.17906840	0.17722118
0.18062355	0.18147445
0.18198363	0.18478262
0.18310466	0.18950856
0.18423308	0.19234407
0.18595023	0.19423437
0.18914326	0.19281662
0.19492465	0.19187140
0.20442851	0.20274103
0.21837676	0.22448015
0.23640865	0.24291110
0.25641593	0.26181471
0.27448067	0.27930057
0.28631049	0.28638947
0.29004189	0.28119087
0.28775162	0.28402650
0.28375468	0.28402650
0.28182876	0.27930057
0.28379008	0.28497159
0.28959021	0.29725897
0.29812691	0.30623817
0.30799842	0.31521738
0.31779543	0.32703209
0.32602540	0.33081281
0.33125380	0.32372403
0.33284172	0.31899810
0.33145574	0.31521738
0.32849622	0.31427217
0.32515606	0.31238186
0.32199410	0.31474483
0.31901026	0.31238186
0.31590953	0.31332707
0.31236145	0.31805289
0.30817500	0.31710780
0.30336568	0.31379962
0.29813135	0.31096411
0.29277125	0.30671072
0.28759703	0.29584122
0.28286508	0.28449905
0.27874056	0.27599239
0.27529153	0.27221167
0.27249852	0.26890361
0.27027160	0.26654065
0.26846656	0.26701319
0.26689890	0.26275992
0.26535621	0.25378072
0.26360926	0.24905479
0.26142374	0.24621928
0.25857300	0.24432898
0.25484976	0.24763703
0.25007045	0.25141776
0.24406856	0.25189030
0.23667124	0.24621928
0.22766167	0.23865783
0.21674974	0.22920609
0.20359595	0.21644616
0.18795186	0.19376183
0.16993709	0.15926278
0.15033451	0.12948966
0.13063522	0.10538757
0.11266927	0.08648396
0.09801989	0.07797730
0.08760223	0.08742917
0.08153948	0.09310019
0.07925662	0.09640837
0.07971264	0.09546316
0.08170203	0.09546316
0.08412655	0.09829867
0.08615553	0.10207939
0.08726437	0.10207939
0.08720237	0.09971642
0.08594304	0.09357274
0.08364338	0.08317578
0.08060577	0.07372403
0.07723343	0.06521738
0.07397561	0.06521738
0.07126678	0.06710780
0.06947260	0.06994331
0.06885011	0.07183361
0.06952639	0.07514179
0.07149217	0.07277882
0.07460709	0.06852555
0.07861310	0.06994331
0.08315685	0.07230628
0.08782236	0.08223057
0.09217258	0.09215498
0.09579640	0.10255194
0.09835159	0.10727787
0.09959622	0.11436677
0.09940550	0.11389410
0.09777212	0.11153114
0.09479396	0.10775042
0.09065448	0.09971642
0.08559856	0.08837426
0.07990813	0.07419658
0.07387960	0.06663513
0.06780206	0.06001890
0.06193967	0.05812860
0.05651168	0.05482042
0.05167393	0.04962194
0.04749313	0.04111528
0.04392283	0.03497159
0.04079338	0.03119087
0.03784005	0.02599239
0.03479069	0.03071833
0.03150248	0.03071833
0.02808915	0.03544426
0.02494612	0.03402650
0.02261244	0.03638947
0.02149609	0.03260875
0.02160279	0.03497159
0.02247841	0.03260875
0.02349407	0.03402650
0.02433589	0.03166354
0.02522765	0.03119087
0.02655913	0.02882802
0.02844877	0.02693760
0.03093448	0.02599239
0.03429720	0.03024578
0.03888022	0.03638947
0.04473886	0.04773152
0.05153821	0.05718338
0.05862362	0.06332707
0.06506348	0.07041585
0.06970638	0.06947064
0.07139202	0.05954635
0.06926154	0.05103970
0.06298870	0.05056715
0.05285630	0.03969753
0.03974039	0.02741015
0.02503448	0.01748586
0.01046957	0.00803399
-0.00220498	-0.00708884
-0.01166721	-0.01512289
-0.01758831	-0.01795840
-0.02122710	-0.02032137
-0.02546337	-0.02410209
-0.03328342	-0.02882797
-0.04536597	-0.03875238
-0.05950046	-0.04914933
-0.07249816	-0.06379962
-0.08226049	-0.07797730
-0.08835891	-0.08979207
-0.09146564	-0.09971642
-0.09258586	-0.10444236
-0.09257741	-0.09924388
-0.09198612	-0.09120983
-0.09106337	-0.08412099
-0.08985193	-0.07750475
-0.08827895	-0.07325143
-0.08622895	-0.07372403
-0.08359168	-0.07561439
-0.08028789	-0.07939506
-0.07627967	-0.07419658
-0.07157172	-0.06852549
-0.06620923	-0.06143665
