-0.00000920	0.00000000
-0.01168567	-0.00861043
-0.00306402	-0.01336104
-0.01213623	-0.00771970
-0.00766073	-0.00682896
0.00754796	0.00979805
0.02348067	0.01900232
0.02762747	0.02731586
0.01884525	0.01781476
0.00650937	0.01128268
-0.00550905	-0.00712591
-0.01809439	-0.02167457
-0.03010753	-0.03325415
-0.03994051	-0.03859860
-0.04919779	-0.05047506
-0.06114110	-0.06086701
-0.07554734	-0.06828976
-0.08821410	-0.08283848
-0.09563561	-0.09827793
-0.09683372	-0.10481000
-0.09268172	-0.09649646
-0.08527467	-0.08847982
-0.07709151	-0.07927555
-0.07021809	-0.06532067
-0.06597982	-0.05819476
-0.06493592	-0.06710213
-0.06705567	-0.06769598
-0.07194930	-0.07274348
-0.07908803	-0.08313537
-0.08797848	-0.10154396
-0.09826782	-0.10777909
-0.10976319	-0.12054634
-0.12238163	-0.12707841
-0.13606645	-0.13331354
-0.15069579	-0.14073634
-0.16599852	-0.15261281
-0.18150693	-0.17339665
-0.19656546	-0.19180524
-0.21038948	-0.21347982
-0.22214235	-0.22416866
-0.23101413	-0.23812354
-0.23630010	-0.23723280
-0.23748165	-0.23723280
-0.23431779	-0.23307604
-0.22699474	-0.23010689
-0.21641226	-0.20486933
-0.20448174	-0.19596201
-0.19394279	-0.19061756
-0.18739645	-0.18883610
-0.18613063	-0.18141329
-0.18959294	-0.19180524
-0.19576399	-0.19863421
-0.20204374	-0.20071256
-0.20609483	-0.20100951
-0.20639598	-0.20397860
-0.20258032	-0.20368171
-0.19558907	-0.20041567
-0.18740372	-0.19566506
-0.18020590	-0.18735152
-0.17537056	-0.18022567
-0.17300668	-0.17785037
-0.17231219	-0.17042756
-0.17232089	-0.16627079
-0.17246608	-0.16538006
-0.17272495	-0.16478622
-0.17345192	-0.16597384
-0.17510784	-0.17666268
-0.17803229	-0.17903799
-0.18232358	-0.18467933
-0.18781854	-0.19210213
-0.19413278	-0.19952494
-0.20071794	-0.20397860
-0.20691489	-0.21407366
-0.21200220	-0.21941805
-0.21526515	-0.22713774
-0.21611847	-0.22535628
-0.21431260	-0.21555817
-0.21020153	-0.20427555
-0.20491458	-0.19299287
-0.20017083	-0.18408549
-0.19771554	-0.18497622
-0.19876456	-0.19714963
-0.20378014	-0.21199524
-0.21256386	-0.22936463
-0.22447792	-0.24421024
-0.23862842	-0.24272567
-0.25399187	-0.25089073
-0.26950315	-0.26603323
-0.28409347	-0.28221494
-0.29676259	-0.29498219
-0.30676305	-0.31502378
-0.31382418	-0.32363421
-0.31826121	-0.32600951
-0.32088599	-0.32422805
-0.32272914	-0.31918055
-0.32466269	-0.32793945
-0.32705727	-0.33417457
-0.32962450	-0.33610451
-0.33149177	-0.33491689
-0.33133703	-0.33551067
-0.32735878	-0.32185274
-0.31745139	-0.30522567
-0.30076173	-0.28607482
-0.28016213	-0.27271378
-0.26170337	-0.26024348
-0.25037479	-0.25460213
-0.24743406	-0.25089073
-0.25099829	-0.25786817
-0.25735161	-0.26054037
-0.26200393	-0.25638360
-0.26093063	-0.25103921
-0.25192368	-0.24450713
-0.23549065	-0.22951305
-0.21487355	-0.20308787
-0.19502743	-0.18289787
-0.18070516	-0.17844421
-0.17441596	-0.17191213
-0.17557925	-0.17191213
-0.18152757	-0.17992872
-0.18931782	-0.19685274
-0.19688945	-0.19507128
-0.20334360	-0.19744658
-0.20880404	-0.20783848
-0.21394309	-0.22238719
-0.21930441	-0.22535628
-0.22490801	-0.23277909
-0.23033001	-0.23574823
-0.23501760	-0.23188835
-0.23856045	-0.22862232
-0.24080889	-0.23337293
-0.24186920	-0.23871732
-0.24203946	-0.24435866
-0.24173866	-0.24317104
-0.24145262	-0.24762470
-0.24169643	-0.24955463
-0.24298997	-0.25371140
-0.24583490	-0.25578976
-0.25068742	-0.26855701
-0.25792155	-0.27286226
-0.26777843	-0.27523750
-0.28030533	-0.27894890
-0.29529577	-0.28770787
-0.31225258	-0.30478030
-0.33039951	-0.33669835
-0.34875488	-0.36683494
-0.36624545	-0.38940024
-0.38182682	-0.41330165
-0.39458260	-0.41879451
-0.40381560	-0.41122329
-0.40915486	-0.40068293
-0.41067630	-0.40008909
-0.40897852	-0.39533848
-0.40513384	-0.39088482
-0.40047729	-0.38643110
-0.39628455	-0.38910335
-0.39345694	-0.38568884
-0.39233220	-0.39192396
-0.39265957	-0.39608073
-0.39370009	-0.39830762
-0.39441654	-0.40112829
-0.39375263	-0.40008909
-0.39094707	-0.38984561
-0.38571623	-0.38153207
-0.37821576	-0.36356890
-0.36888474	-0.34931707
-0.35832110	-0.33758909
-0.34722695	-0.33105701
-0.33638424	-0.32229811
-0.32660553	-0.32600951
-0.31863609	-0.32066506
-0.31302592	-0.31739902
-0.31002504	-0.31160927
-0.30955842	-0.31205463
-0.31130025	-0.31160927
-0.31481424	-0.31621140
-0.31968802	-0.32021970
-0.32559821	-0.33179927
-0.33229339	-0.34026128
-0.33952415	-0.34783256
-0.34697482	-0.35525537
-0.35423502	-0.36178744
-0.36082759	-0.36356890
-0.36628124	-0.36683494
-0.37022433	-0.37114012
-0.37246597	-0.37143707
-0.37303367	-0.36965561
-0.37216252	-0.36668646
-0.37024295	-0.36356890
-0.36774960	-0.36104512
-0.36516827	-0.35852140
-0.36293429	-0.35926366
-0.36139178	-0.35570073
-0.36076805	-0.34976250
-0.36116549	-0.35095012
-0.36255988	-0.36030287
-0.36480460	-0.36906177
-0.36764011	-0.37796915
-0.37071350	-0.37574226
-0.37361476	-0.37321854
-0.37594208	-0.36950713
-0.37739763	-0.36564726
-0.37790290	-0.36312354
-0.37769669	-0.37351543
-0.37734270	-0.37767220
-0.37759098	-0.37930524
-0.37911686	-0.38420427
-0.38226831	-0.38895488
-0.38696501	-0.39385390
-0.39278394	-0.39919835
-0.39914533	-0.40276128
-0.40548638	-0.40766031
-0.41136917	-0.40973872
-0.41652521	-0.41315323
-0.42085966	-0.41745842
-0.42443037	-0.42562354
-0.42740819	-0.42978030
-0.43002668	-0.43616390
-0.43252990	-0.43942994
-0.43512279	-0.44076604
-0.43793193	-0.43942994
-0.44097632	-0.43898457
-0.44415355	-0.44254750
-0.44724330	-0.44477433
-0.44993547	-0.44848573
-0.45188561	-0.45412707
-0.45279056	-0.45457244
-0.45246881	-0.45011878
-0.45091969	-0.44982183
-0.44833642	-0.44477433
-0.44506487	-0.43735152
-0.44151905	-0.43260098
-0.43808541	-0.43081945
-0.43504891	-0.42770189
-0.43255937	-0.42517817
-0.43063980	-0.42413896
-0.42921567	-0.42517817
-0.42815021	-0.42606890
-0.42727694	-0.42606890
-0.42643782	-0.42280287
-0.42553961	-0.41894299
-0.42462632	-0.41166866
