0.00088211	0.00000000
0.00642199	0.00332081
0.00038715	0.00309944
0.00043480	-0.00044274
-0.00491185	-0.00642020
-0.01000540	-0.01350456
-0.01823087	-0.02147442
-0.02321221	-0.02457380
-0.02442016	-0.02346689
-0.02267168	-0.02368832
-0.01893769	-0.02258134
-0.01412819	-0.01439011
-0.00930421	-0.01195484
-0.00565438	-0.01261902
-0.00433649	-0.00885546
-0.00615300	-0.00619882
-0.01117916	-0.01084793
-0.01867001	-0.01527560
-0.02738933	-0.02390969
-0.03606121	-0.03586453
-0.04367016	-0.04804075
-0.04961841	-0.06043833
-0.05377029	-0.06442326
-0.05633484	-0.06508744
-0.05764838	-0.06243080
-0.05800469	-0.05911005
-0.05758975	-0.05180430
-0.05649249	-0.05291122
-0.05475207	-0.05534649
-0.05241357	-0.05800313
-0.04957826	-0.05977416
-0.04643743	-0.05711758
-0.04327871	-0.05069739
-0.04045732	-0.04228473
-0.03833465	-0.03697145
-0.03719749	-0.03165817
-0.03717224	-0.03254372
-0.03816168	-0.03586453
-0.03982921	-0.03874254
-0.04165168	-0.04471993
-0.04303955	-0.05291122
-0.04350354	-0.05423951
-0.04281603	-0.05601060
-0.04111059	-0.05423951
-0.03888302	-0.04095638
-0.03688829	-0.03099400
-0.03596281	-0.02988708
-0.03682570	-0.02833742
-0.03991322	-0.03542173
-0.04529129	-0.05091876
-0.05265473	-0.06243080
-0.06139757	-0.07062209
-0.07071812	-0.08102721
-0.07971947	-0.08744740
-0.08748339	-0.09187514
-0.09311567	-0.09231794
-0.09579398	-0.09475315
-0.09485541	-0.09054685
-0.08995028	-0.08567631
-0.08124872	-0.07482845
-0.06965381	-0.06707990
-0.05690615	-0.05556786
-0.04526858	-0.04626966
-0.03655581	-0.03542173
-0.03109056	-0.03010845
-0.02764016	-0.02700907
-0.02443301	-0.02545935
-0.02029238	-0.01992470
-0.01510152	-0.01151204
-0.00956265	-0.00464910
-0.00462265	0.00420630
-0.00094682	0.01306176
0.00129995	0.01394737
0.00231782	0.00863409
0.00234924	-0.00398493
0.00141628	-0.00996238
-0.00073971	-0.01682532
-0.00452156	-0.01992470
-0.01025465	-0.02457380
-0.01800403	-0.02501661
-0.02750368	-0.02612352
-0.03819282	-0.03542173
-0.04932757	-0.04914767
-0.06013605	-0.06619436
-0.06998345	-0.07682091
-0.07848781	-0.09187514
-0.08554460	-0.09873807
-0.09125879	-0.10294443
-0.09583665	-0.09895951
-0.09949154	-0.09696704
-0.10239381	-0.09630287
-0.10465568	-0.09541732
-0.10634023	-0.09253931
-0.10747563	-0.09121096
-0.10806773	-0.09541732
-0.10810836	-0.09873807
-0.10758180	-0.09962362
-0.10646771	-0.10515827
-0.10474452	-0.11113572
-0.10239594	-0.11179990
-0.09941413	-0.11268538
-0.09580740	-0.11467791
-0.09160489	-0.11069292
-0.08686065	-0.09851670
-0.08165549	-0.09098959
-0.07609630	-0.07770646
-0.07031085	-0.06707990
-0.06444077	-0.05623204
-0.05863033	-0.05091876
-0.05301563	-0.04095638
-0.04771227	-0.03675008
-0.04280610	-0.03055125
-0.03834846	-0.02413106
-0.03435660	-0.02014613
-0.03081966	-0.01726812
-0.02770829	-0.01416868
-0.02498770	-0.01350456
-0.02262771	-0.01748949
-0.02061006	-0.01903921
-0.01893037	-0.02036750
-0.01759498	-0.02390969
-0.01661600	-0.02235997
-0.01600278	-0.02390969
-0.01575718	-0.03099400
-0.01586862	-0.03409344
-0.01631358	-0.03165817
-0.01705726	-0.03342927
-0.01805635	-0.03431481
-0.01926524	-0.02789462
-0.02064006	-0.02523798
-0.02214409	-0.02501661
-0.02375283	-0.02302414
-0.02545731	-0.02081025
-0.02726740	-0.02147442
-0.02921432	-0.02191722
-0.03134999	-0.02700907
-0.03374591	-0.02811599
-0.03648721	-0.02789462
-0.03966467	-0.02922297
-0.04336293	-0.03409344
-0.04764712	-0.03940666
-0.05254880	-0.05136150
-0.05805402	-0.06110251
-0.06409533	-0.07172900
-0.07055002	-0.07837057
-0.07724316	-0.08080584
-0.08396018	-0.08169138
-0.09045970	-0.08567631
-0.09649217	-0.08855432
-0.10181752	-0.09386760
-0.10621998	-0.10427272
-0.10952093	-0.11202127
-0.11158733	-0.11622757
-0.11233651	-0.11888421
-0.11173695	-0.11534202
-0.10980843	-0.10958600
-0.10662037	-0.10537970
-0.10229144	-0.10493690
-0.09699084	-0.09519595
-0.09094110	-0.08877575
-0.08441699	-0.07969892
-0.07773905	-0.06951517
-0.07125342	-0.05578923
-0.06530073	-0.05003321
-0.06017527	-0.04715520
-0.05608486	-0.04826212
-0.05312122	-0.05136150
-0.05124853	-0.05246848
-0.05031441	-0.05800313
-0.05008394	-0.06021696
-0.05028886	-0.05844587
-0.05068497	-0.05379677
-0.05110423	-0.05512506
-0.05148939	-0.05313259
-0.05190057	-0.05446094
-0.05249247	-0.05335402
-0.05346532	-0.05512506
-0.05500539	-0.05379677
-0.05723029	-0.05623204
-0.06015748	-0.05357540
-0.06370006	-0.05357540
-0.06768794	-0.05844587
-0.07190496	-0.06840825
-0.07612833	-0.07615674
-0.08016157	-0.08656186
-0.08385345	-0.09895951
-0.08710434	-0.10560107
-0.08985953	-0.10427272
-0.09209916	-0.10228026
-0.09382409	-0.09984505
-0.09504694	-0.09630287
-0.09578320	-0.09298205
-0.09604897	-0.08988267
-0.09585699	-0.08545494
-0.09521783	-0.08390522
-0.09414010	-0.08368385
-0.09263052	-0.08058447
-0.09069493	-0.07770646
-0.08833946	-0.07682091
-0.08557104	-0.07482845
-0.08239841	-0.07150763
-0.07883230	-0.07128626
-0.07488579	-0.06796545
-0.07057277	-0.06530881
-0.06590594	-0.06464469
-0.06089202	-0.06220943
-0.05552617	-0.05844587
-0.04978520	-0.06021696
-0.04362136	-0.05733895
-0.03696244	-0.05379677
-0.02972564	-0.04162055
-0.02184950	-0.02545935
-0.01335388	-0.00819129
-0.00441263	0.00730574
0.00459527	0.02346694
0.01311967	0.03187954
0.02058359	0.03652871
0.02658322	0.03652871
0.03101399	0.03896391
0.03404907	0.04317021
0.03601512	0.04272747
0.03726125	0.04095638
0.03807873	0.04073501
0.03867546	0.03475761
0.03918317	0.03165817
0.03967503	0.02922297
0.04018242	0.02656627
0.04070842	0.02501655
0.04123621	0.03010845
0.04173570	0.03143680
0.04216742	0.03719282
0.04248703	0.04206336
0.04264666	0.05224705
0.04259631	0.05268979
0.04228349	0.05224705
0.04165100	0.04781938
0.04063182	0.04560554
0.03914071	0.03984940
0.03706578	0.03807843
0.03426461	0.03055120
0.03057523	0.02745187
