0.00172909	0.00000000
0.02734123	0.02434778
0.03649046	0.04173911
0.07127832	0.06956518
0.09450500	0.09217393
0.11141481	0.10695648
0.12034710	0.11478257
0.12038226	0.11913049
0.11378931	0.11652172
0.10545312	0.10521734
0.09917293	0.09565222
0.09616922	0.09130430
0.09585710	0.09739125
0.09742837	0.10086954
0.10105546	0.10782611
0.10814758	0.10086954
0.12080799	0.12521744
0.14079519	0.14260864
0.16811676	0.16956520
0.19957104	0.20434785
0.22840877	0.24608696
0.24642894	0.24521744
0.24822338	0.24434781
0.23554276	0.23652172
0.21730064	0.21478260
0.20271744	0.20434785
0.19504829	0.19652176
0.19234139	0.19652176
0.19104095	0.19130433
0.18819125	0.18086958
0.18199369	0.17043483
0.17137030	0.15652180
0.15528832	0.14608693
0.13258171	0.14260864
0.10248767	0.10608697
0.06556086	0.05478263
0.02469659	0.02347827
-0.01415591	-0.01217389
-0.04357626	-0.05652171
-0.05943554	-0.05739129
-0.06354059	-0.04956520
-0.06119919	-0.05391306
-0.05766388	-0.05565220
-0.05532593	-0.05130434
-0.05352353	-0.05652171
-0.05120523	-0.05217391
-0.04910342	-0.04869562
-0.04941432	-0.05304348
-0.05352293	-0.06000000
-0.06044908	-0.05478263
-0.06771998	-0.06173915
-0.07298703	-0.06956524
-0.07473548	-0.07304347
-0.07229713	-0.07739133
-0.06578530	-0.06782609
-0.05609640	-0.05739129
-0.04480129	-0.04347825
-0.03379548	-0.02695650
-0.02479984	-0.01304346
-0.01894942	-0.00869566
-0.01664012	-0.01130432
-0.01762568	-0.01739132
-0.02124971	-0.02869564
-0.02670062	-0.02695650
-0.03322010	-0.03478259
-0.04022965	-0.03913045
-0.04736688	-0.04260868
-0.05445564	-0.04869562
-0.06144971	-0.06434780
-0.06837744	-0.07217389
-0.07530552	-0.07826090
-0.08231927	-0.08608693
-0.08951718	-0.09391302
-0.09701432	-0.10173911
-0.10494478	-0.10956520
-0.11345053	-0.12243479
-0.12263416	-0.13147825
-0.13246547	-0.13617390
-0.14269337	-0.13982606
-0.15285875	-0.15373915
-0.16242851	-0.15930432
-0.17093843	-0.17182606
-0.17808230	-0.18678260
-0.18376409	-0.19878262
-0.18811063	-0.20226085
-0.19143893	-0.20400000
-0.19419740	-0.20104349
-0.19690618	-0.19495654
-0.20009942	-0.19617391
-0.20425828	-0.19913042
-0.20972620	-0.20608693
-0.21660005	-0.21913046
-0.22461329	-0.23791307
-0.23306614	-0.24869567
-0.24088375	-0.24939132
-0.24687023	-0.25391304
-0.25008821	-0.25008696
-0.25015894	-0.24034780
-0.24730925	-0.23478264
-0.24218060	-0.23286957
-0.23554675	-0.22921741
-0.22806181	-0.22660869
-0.22009020	-0.22295654
-0.21163581	-0.21095651
-0.20240439	-0.20052177
-0.19202033	-0.18556523
-0.18030573	-0.16852176
-0.16745053	-0.15391302
-0.15399496	-0.14747828
-0.14071570	-0.13095653
-0.12849675	-0.12052172
-0.11813873	-0.11669564
-0.11013222	-0.10452175
-0.10462584	-0.09565216
-0.10177781	-0.10000002
-0.10220194	-0.10765219
-0.10683545	-0.11408699
-0.11602764	-0.12191302
-0.12866764	-0.12730438
-0.14246623	-0.14243478
-0.15543872	-0.15182608
-0.16712691	-0.15600002
-0.17815576	-0.17860872
-0.18885292	-0.20208699
-0.19868743	-0.21426088
-0.20675744	-0.21826088
-0.21245702	-0.22330433
-0.21580283	-0.22000003
-0.21742193	-0.21339130
-0.21838059	-0.21321738
-0.21998130	-0.22121739
-0.22352061	-0.22852176
-0.22996230	-0.23356521
-0.23959248	-0.24000001
-0.25185969	-0.24643481
-0.26556709	-0.25913042
-0.27938443	-0.27808696
-0.29243731	-0.30347824
-0.30466923	-0.32347828
-0.31676832	-0.33652174
-0.32965705	-0.34417391
-0.34382746	-0.34834784
-0.35893810	-0.35704350
-0.37381676	-0.37391305
-0.38675556	-0.39060867
-0.39597431	-0.39965218
-0.40001526	-0.40399998
-0.39790210	-0.39269567
-0.38928428	-0.37739128
-0.37471235	-0.35686958
-0.35585248	-0.34086955
-0.33545020	-0.32313043
-0.31695145	-0.30886954
-0.30367813	-0.29356521
-0.29762387	-0.29008698
-0.29846707	-0.29217392
-0.30367002	-0.30504346
-0.30983350	-0.31513041
-0.31435314	-0.32104349
-0.31621739	-0.32243478
-0.31572872	-0.31704348
-0.31377715	-0.30939132
-0.31123582	-0.30226088
-0.30863011	-0.29965216
-0.30601278	-0.29565215
-0.30295154	-0.29704350
-0.29856613	-0.29739130
-0.29160592	-0.28626084
-0.28064662	-0.26991302
-0.26451740	-0.24243480
-0.24294691	-0.21321738
-0.21721600	-0.18156523
-0.19044097	-0.16469568
-0.16704534	-0.15147829
-0.15131454	-0.14747828
-0.14571477	-0.14660871
-0.14998898	-0.15617388
-0.16134347	-0.16434783
-0.17543580	-0.17495650
-0.18801184	-0.19095653
-0.19678079	-0.20313042
-0.20231710	-0.20278263
-0.20723449	-0.20556521
-0.21448219	-0.22208697
-0.22588235	-0.23565215
-0.24115749	-0.24956524
-0.25752246	-0.26539129
-0.27041915	-0.27426088
-0.27572998	-0.26765215
-0.27235660	-0.26173913
-0.26317176	-0.25652176
-0.25348172	-0.24869567
-0.24806701	-0.25217390
-0.24882652	-0.25304347
-0.25454673	-0.26069564
-0.26261380	-0.26452172
-0.27090797	-0.27634782
-0.27840105	-0.27999997
-0.28465658	-0.28660870
-0.28927997	-0.28921741
-0.29184785	-0.29600000
-0.29217079	-0.29704350
-0.29051003	-0.29547828
-0.28752658	-0.29460871
-0.28402489	-0.28730434
-0.28070271	-0.28017390
-0.27803487	-0.27182609
-0.27628520	-0.26747829
-0.27557305	-0.26539129
-0.27593756	-0.26852173
-0.27737623	-0.27130437
-0.27986249	-0.27339131
-0.28335264	-0.27791303
-0.28779039	-0.28573912
-0.29311374	-0.29826087
-0.29925874	-0.31113046
-0.30616227	-0.32504350
-0.31375942	-0.33478260
-0.32197654	-0.34034783
-0.33072010	-0.34330434
-0.33986107	-0.34452176
-0.34921980	-0.35078263
-0.35855323	-0.35547829
-0.36755222	-0.36382610
-0.37585258	-0.37234783
-0.38306573	-0.37895650
-0.38882297	-0.38191307
-0.39283523	-0.38991302
-0.39495495	-0.39165217
-0.39523488	-0.38608694
-0.39396682	-0.38365215
-0.39168093	-0.38139129
-0.38907996	-0.38034785
-0.38690469	-0.37860870
-0.38576004	-0.38156521
-0.38596761	-0.38382608
-0.38750896	-0.38973916
-0.39007360	-0.39269567
-0.39317769	-0.39478260
-0.39629295	-0.39495653
-0.39894059	-0.39634782
