0.00198060	0.00000000
0.00417476	0.00764525
0.01456645	0.01376152
0.02848672	0.02446485
0.03750466	0.03363919
0.04656945	0.03899086
0.05463453	0.05275226
0.06169505	0.06574929
0.06876744	0.07339454
0.07648070	0.08333337
0.08436824	0.08715594
0.09108092	0.08409786
0.09509058	0.08409786
0.09564014	0.08562696
0.09342621	0.08639145
0.09054504	0.09403670
0.08959444	0.09709477
0.09237887	0.09862387
0.09904461	0.10091746
0.10827155	0.10626912
0.11828463	0.11544347
0.12779368	0.12538230
0.13624389	0.13532114
0.14352332	0.14143729
0.14965014	0.14908254
0.15467854	0.14984715
0.15869363	0.15519881
0.16177280	0.15825689
0.16393976	0.16513765
0.16517235	0.16590214
0.16546778	0.16437304
0.16493301	0.16513765
0.16386034	0.16743124
0.16275989	0.16666663
0.16238125	0.15902138
0.16387294	0.16666663
0.16923894	0.16743124
0.18157385	0.19036698
0.20335151	0.21177375
0.23340447	0.24617732
0.26567426	0.27828741
0.29388797	0.31269109
0.31745562	0.32186544
0.33903793	0.34021401
0.36022443	0.36238527
0.38053259	0.38149846
0.39867285	0.40290523
0.41435099	0.42966366
0.42921391	0.43960249
0.44617605	0.45795107
0.46757826	0.47171259
0.49339977	0.48929667
0.52088243	0.53134561
0.54601043	0.56498468
0.56538469	0.57186544
0.57717997	0.57568812
0.58126110	0.58868504
0.57892781	0.56651378
0.57238281	0.55657494
0.56326050	0.55504584
0.55070817	0.54969418
0.53484780	0.53287458
0.52216482	0.51911318
0.51851523	0.52140677
0.52286303	0.52675843
0.53025615	0.53134561
0.53499883	0.52599394
0.53143692	0.52905202
0.51626807	0.51146793
0.49479312	0.49006116
0.47900727	0.47400606
0.47266746	0.47247708
0.47074950	0.46483183
0.47035328	0.46712542
0.47309831	0.47171259
0.47726208	0.48547399
0.48064026	0.48623848
0.48981711	0.49541283
0.50062144	0.50000000
0.50473291	0.50535166
0.50401771	0.50993884
0.51033354	0.51834857
0.53426319	0.54587162
0.56941658	0.57186544
0.59396404	0.60168195
0.59813970	0.59938836
0.60123014	0.62385321
0.63302082	0.63455653
0.70484334	0.74006116
0.80545151	0.82110095
0.91191512	0.92966366
0.99822372	1.01987767
1.04362249	1.06039762
1.04360199	1.01146793
1.01052511	0.99159026
0.96409589	0.94877672
0.92111033	0.90137613
0.88998598	0.88761473
0.87209219	0.87844038
0.86574817	0.85932720
0.86918682	0.86009169
0.88103372	0.87155962
0.89852226	0.89831805
0.91529584	0.91513765
0.92165202	0.90978599
0.90951544	0.90749240
0.87826902	0.86544347
0.83413190	0.81880736
0.78763169	0.77140677
0.75080770	0.74235475
0.72539979	0.71177375
0.70624381	0.69189608
0.68833870	0.67125380
0.66754436	0.64525998
0.64166445	0.61926603
0.61272663	0.58486235
0.58830172	0.58027518
0.57884592	0.57951069
0.59087634	0.58868504
0.62067562	0.61467886
0.65383893	0.65214062
0.67316079	0.66896021
0.66974539	0.64908254
0.64705324	0.63226295
0.61519659	0.60397553
0.58363271	0.57186544
0.55806977	0.54663610
0.53891104	0.54587162
0.52128357	0.52981651
0.49905089	0.49388385
0.46872848	0.45489299
0.43181592	0.42354739
0.39473572	0.39220178
0.36579561	0.36850154
0.35049766	0.36467886
0.34683371	0.35703361
0.34555194	0.34633029
0.33861274	0.33027518
0.32651493	0.32415903
0.31610554	0.31804276
0.31025842	0.31498468
0.30131060	0.30733943
0.28138003	0.27064216
0.25457656	0.25076449
0.23243865	0.22782874
0.22147214	0.21406722
0.22013368	0.20259941
0.22371116	0.22553515
0.22830305	0.23318040
0.23188074	0.23929667
0.23381105	0.23241591
0.23412055	0.22935784
0.23302008	0.23012233
0.23072036	0.23012233
0.22739987	0.22859323
0.22321267	0.23394501
0.21828617	0.21865439
0.21271183	0.20336390
0.20654438	0.18807340
0.19982167	0.17048931
0.19260104	0.15672779
0.18499851	0.16207945
0.17721489	0.16513765
0.16953896	0.16819572
0.16231529	0.17431188
0.15587465	0.17201829
0.15043758	0.15519881
0.14601970	0.14373088
0.14240468	0.13149846
0.13936980	0.12920487
0.13757503	0.13455653
0.13974664	0.14755356
0.14884479	0.15825689
0.16357286	0.17431188
0.17881037	0.18501532
0.18985158	0.18730891
0.19493474	0.18272173
0.19495277	0.17889905
0.19198431	0.16972482
0.18807113	0.16666663
0.18465729	0.17584097
0.18253930	0.19113147
0.18206157	0.19495416
0.18334961	0.19954133
0.18646418	0.19801223
0.19144747	0.18883789
0.19831394	0.18501532
0.20705125	0.19801223
0.21764399	0.21788990
0.23005186	0.23776758
0.24403958	0.26223242
0.25880769	0.28363919
0.27262512	0.30198777
0.28301638	0.30045867
0.28779575	0.28899086
0.28628311	0.27752292
0.27975705	0.26681960
0.27095610	0.25535166
0.26308358	0.25611615
0.25881305	0.26299691
0.25950596	0.27446485
0.26459792	0.28211010
0.27133927	0.28746176
0.27585253	0.28516817
0.27595136	0.28363919
0.27273104	0.27828741
0.26845711	0.27446485
0.26424596	0.26681960
0.25976735	0.26376152
0.25454265	0.26299691
0.24927665	0.25917435
0.24532555	0.25917435
0.24274866	0.25917435
0.23952158	0.25535166
0.23351760	0.24770641
0.22510611	0.23547399
0.21713389	0.22400606
0.21274112	0.22018349
0.21358822	0.22247708
0.21948113	0.22782874
0.22894146	0.23929667
0.24015458	0.25305808
0.25169864	0.26605499
0.26258299	0.27293575
0.27204934	0.27981651
0.27973035	0.28899086
0.28575915	0.29663610
0.29047206	0.30045867
0.29411027	0.30504584
0.29689088	0.31116211
0.29929009	0.31651378
0.30211097	0.31804276
0.30618030	0.31880736
0.31199813	0.32339454
0.31965441	0.33103979
0.32895246	0.33792055
0.33951089	0.35091746
0.35076931	0.36391437
0.36196825	0.37767589
0.37219757	0.39143729
0.38053176	0.40214062
