0.00302090	0.00000000
0.01161801	0.01079249
0.01399818	0.02312672
0.03708778	0.03268576
0.04386722	0.03330255
0.05258010	0.04717851
0.06322961	0.06167126
0.07476737	0.07338881
0.08569460	0.09096515
0.09594350	0.10545790
0.10600515	0.10946655
0.11601873	0.10823309
0.12576903	0.11902559
0.13480483	0.12642610
0.14260642	0.13259327
0.14886375	0.14153564
0.15368687	0.15201974
0.15752287	0.15510333
0.16081987	0.15602839
0.16373892	0.16682088
0.16610803	0.16959608
0.16759075	0.17052114
0.16792749	0.16897929
0.16711409	0.16466236
0.16544218	0.15880358
0.16340186	0.15417826
0.16152845	0.15263641
0.16027652	0.15016961
0.15995611	0.15664506
0.16072147	0.15726185
0.16258939	0.16342890
0.16544627	0.16897929
0.16903080	0.17668819
0.17290373	0.18008018
0.17643471	0.17946351
0.17882891	0.18223870
0.17921521	0.18100524
0.17680623	0.17730498
0.17112879	0.16897929
0.16229747	0.16003704
0.15137570	0.14893615
0.14079718	0.14061058
0.13414668	0.13290167
0.13433023	0.13135982
0.14140733	0.14246070
0.15253370	0.15386987
0.16368453	0.16466236
0.17137940	0.17452979
0.17369770	0.18193030
0.17053203	0.17946351
0.16319187	0.16867101
0.15369077	0.15695345
0.14410271	0.14461923
0.13617255	0.12827623
0.13117017	0.12149239
0.12988873	0.12580943
0.13269942	0.13320994
0.13959707	0.14831948
0.15020762	0.16774595
0.16376083	0.18532228
0.17907126	0.19673145
0.19460039	0.20382357
0.20865877	0.20598209
0.21971950	0.20783222
0.22672366	0.20474863
0.22925626	0.21184087
0.22761601	0.21831632
0.22286350	0.22510016
0.21674813	0.22633362
0.21128881	0.22849214
0.20806690	0.22386682
0.20764118	0.21954978
0.20945726	0.21060741
0.21228208	0.20752394
0.21486382	0.20351529
0.21638827	0.20135677
0.21646839	0.19981503
0.21477871	0.20259023
0.21072111	0.20104837
0.20347035	0.19272280
0.19244106	0.18131363
0.17782800	0.16435397
0.16079600	0.14831948
0.14336233	0.13475180
0.12837026	0.12950969
0.11925116	0.12580943
0.11812639	0.12580943
0.12305690	0.12642610
0.12889622	0.12827623
0.13184395	0.13228488
0.13176917	0.13259327
0.13058922	0.13721859
0.13024810	0.14030218
0.13185059	0.14461923
0.13560696	0.14708602
0.14100562	0.14739442
0.14694735	0.15140307
0.15201896	0.15201974
0.15519647	0.15325320
0.15658340	0.15325320
0.15731820	0.15695345
0.15872587	0.15911198
0.16162178	0.16620409
0.16616720	0.17206287
0.17203230	0.17853844
0.17860229	0.18624735
0.18519737	0.19025588
0.19134778	0.19518960
0.19703297	0.20166516
0.20269452	0.20968235
0.20898391	0.21615791
0.21643448	0.22448349
0.22525182	0.23743451
0.23525827	0.24699354
0.24587901	0.25254393
0.25605810	0.26179469
0.26420167	0.26734507
0.26852599	0.26456988
0.26797161	0.26426148
0.26296523	0.25963616
0.25515646	0.25531912
0.24642847	0.25192726
0.23815434	0.24113476
0.23105069	0.22756708
0.22536813	0.22325003
0.22112010	0.21954978
0.21823414	0.21677458
0.21661822	0.21862471
0.21617468	0.22386682
0.21679257	0.22664201
0.21833630	0.21954978
0.22063918	0.21985817
0.22349818	0.22201669
0.22665624	0.22725868
0.22973789	0.22849214
0.23205449	0.23280919
0.23220643	0.23003387
0.22791189	0.21954978
0.21757577	0.20351529
0.20243986	0.18933082
0.18444808	0.17637992
0.16512421	0.15726185
0.14654501	0.13814366
0.13058554	0.12118411
0.11823571	0.10391617
0.10955077	0.08973169
0.10402963	0.09158182
0.10103524	0.10299110
0.10001113	0.11316681
0.10050568	0.12241757
0.10213260	0.12673450
0.10454591	0.12426770
0.10743718	0.12395930
0.11054577	0.12488437
0.11366902	0.12611783
0.11666924	0.13074315
0.11947239	0.12950969
0.12206133	0.12025905
0.12446209	0.11255014
0.12672533	0.10638297
0.12890922	0.10946655
0.13106580	0.11501694
0.13323534	0.11902559
0.13544849	0.12334263
0.13773055	0.12920141
0.14010526	0.12488437
0.14259137	0.12272584
0.14519487	0.12889302
0.14789812	0.13629353
0.15065193	0.15109468
0.15337317	0.16435397
0.15594946	0.17946351
0.15825127	0.18778908
0.16014650	0.19395626
0.16151603	0.18902254
0.16226706	0.18717241
0.16234010	0.17823005
0.16171113	0.17452979
0.16038802	0.16651249
0.15840478	0.16250384
0.15581587	0.15787852
0.15269367	0.15263641
0.14912935	0.14400244
0.14523643	0.13629353
0.14115410	0.12981808
0.13704444	0.11902559
0.13308115	0.11594200
0.12942924	0.12149239
0.12622006	0.12611783
0.12353154	0.13043475
0.12138055	0.13444340
0.11973299	0.13382673
0.11852597	0.12580943
0.11769524	0.12210917
0.11719680	0.11686707
0.11701678	0.11409187
0.11716813	0.11470866
0.11767785	0.11594200
0.11856885	0.11470866
0.11984308	0.11193335
0.12147048	0.11008322
0.12338620	0.10545790
0.12549579	0.11162508
0.12768793	0.12365091
0.12985079	0.13228488
0.13188587	0.14122725
0.13372023	0.15448654
0.13531016	0.15541160
0.13663924	0.14646935
0.13770959	0.13937712
0.13852838	0.14122725
0.13909009	0.13598526
0.13935988	0.13320994
0.13926092	0.13506007
0.13867585	0.13598526
0.13747454	0.12889302
0.13557169	0.12827623
0.13300294	0.12827623
0.12997527	0.12642610
0.12684239	0.12920141
0.12399575	0.12796795
0.12172706	0.12580943
0.12014589	0.12272584
0.11920735	0.12457597
0.11882038	0.12272584
0.11896029	0.12303424
0.11972022	0.12365091
0.12129347	0.12765956
0.12391320	0.12920141
0.12778296	0.13475180
0.13301797	0.14955294
0.13960421	0.15880358
0.14737375	0.16651249
0.15598977	0.17298794
0.16494469	0.18100524
0.17357150	0.18162191
0.18107946	0.18624735
0.18662333	0.18809748
0.18941702	0.19303119
0.18889070	0.19241440
0.18487252	0.18655562
