0.00178883	0.00000000
-0.00086050	-0.00132275
0.00435920	0.00661373
0.00658356	0.00617290
0.00794159	0.00176370
0.00816305	0.00485003
0.00639861	0.00485003
0.00467487	0.00308645
0.00470515	0.00352728
0.00673853	0.00925922
0.00992496	0.00705469
0.01321568	0.00793648
0.01599480	0.00881839
0.01831062	0.01190472
0.02071984	0.01763666
0.02388500	0.02733684
0.02821334	0.03130507
0.03361546	0.03483248
0.03939030	0.04012346
0.04455793	0.03924167
0.04871154	0.04056442
0.05261166	0.05026460
0.05756330	0.06084657
0.06414790	0.06922400
0.07181232	0.07848322
0.07933298	0.07980597
0.08519560	0.08112872
0.08771241	0.08245146
0.08542956	0.08333337
0.07817239	0.07583773
0.06826563	0.07407403
0.06053856	0.07451499
0.06009503	0.07275128
0.06931946	0.07186949
0.08694607	0.08818340
0.10957247	0.11199296
0.13356376	0.13977075
0.15579508	0.16137564
0.17353199	0.17724872
0.18482292	0.18562615
0.18955396	0.18562615
0.18957432	0.17548501
0.18742134	0.17680776
0.18501392	0.18606699
0.18325765	0.18871248
0.18219851	0.19003522
0.18106256	0.18738973
0.17821556	0.17813051
0.17169175	0.16622579
0.16086818	0.15873015
0.14853169	0.14417994
0.14012365	0.14065254
0.13861583	0.13888884
0.14112434	0.13624334
0.14179190	0.13051152
0.13656460	0.13227510
0.12631537	0.12610233
0.11676285	0.12874782
0.11409800	0.13007057
0.12056157	0.13492060
0.13414063	0.14065254
0.15098380	0.15211642
0.16758679	0.16358030
0.18164982	0.17636681
0.19205119	0.18827164
0.19854085	0.20017636
0.20141868	0.21252203
0.20126556	0.21384478
0.19874266	0.20811284
0.19446509	0.19973540
0.18894087	0.18783069
0.18256067	0.16931212
0.17561461	0.15255737
0.16831608	0.14373899
0.16081898	0.13800704
0.15322544	0.13844800
0.14559050	0.14109349
0.13793181	0.14285719
0.13024952	0.13932979
0.12255372	0.13800704
0.11489196	0.13007057
0.10736822	0.11860669
0.10014160	0.10758376
0.09339230	0.09479713
0.08724208	0.08333337
0.08162738	0.07936513
0.07615067	0.07231045
0.07000051	0.06349206
0.06215705	0.05687833
0.05216564	0.04938269
0.04122062	0.03571427
0.03200398	0.03042328
0.02647497	0.02513230
0.02433549	0.02513230
0.02394588	0.02292764
0.02388029	0.01984131
0.02362441	0.01499116
0.02339204	0.01984131
0.02361408	0.02072310
0.02466349	0.02204585
0.02687484	0.02954149
0.03043397	0.03659618
0.03506492	0.03835976
0.03994517	0.04541445
0.04400700	0.05026460
0.04635760	0.05423284
0.04657722	0.05599642
0.04482177	0.05423284
0.04174512	0.04629624
0.03825907	0.04232800
0.03516751	0.04012346
0.03282554	0.03835976
0.03105813	0.03880072
0.02941735	0.04100525
0.02753541	0.03835976
0.02529118	0.03130507
0.02276965	0.02292764
0.02016509	0.01631391
0.01771424	0.01543212
0.01565462	0.01719582
0.01418848	0.01675487
0.01345033	0.01763666
0.01348832	0.01455021
0.01426287	0.00661373
0.01565807	0.00088179
0.01750110	0.00044096
0.01958449	0.00529099
0.02168809	0.01499116
0.02359721	0.02689600
0.02511503	0.03571427
0.02606468	0.03747797
0.02627589	0.04144621
0.02554867	0.04541445
0.02358598	0.04188716
0.01989304	0.03747797
0.01368611	0.02865958
0.00394231	0.00661373
-0.01024233	-0.02601409
-0.02906011	-0.05158728
-0.05162068	-0.07583773
-0.07617609	-0.09303349
-0.10074894	-0.10626101
-0.12368713	-0.12169313
-0.14386976	-0.14241624
-0.16061239	-0.16093475
-0.17347415	-0.17548501
-0.18214804	-0.18871254
-0.18653709	-0.18694884
-0.18697158	-0.18121696
-0.18434350	-0.17504412
-0.17990191	-0.17548501
-0.17469031	-0.16931218
-0.16908415	-0.16622573
-0.16300546	-0.15696651
-0.15659045	-0.15035272
-0.15051216	-0.14109349
-0.14573164	-0.14329809
-0.14300875	-0.14594358
-0.14245714	-0.15343916
-0.14332123	-0.15255731
-0.14414720	-0.15079367
-0.14342017	-0.14021164
-0.14043906	-0.13139331
-0.13573159	-0.12433863
-0.13047110	-0.12654322
-0.12559171	-0.12962961
-0.12156318	-0.13183421
-0.11858280	-0.13668430
-0.11670876	-0.13580245
-0.11590590	-0.13183421
-0.11607765	-0.12477952
-0.11709411	-0.12169313
-0.11880898	-0.11640209
-0.12104850	-0.11287481
-0.12358783	-0.11199296
-0.12614889	-0.11243385
-0.12845333	-0.11552030
-0.13031210	-0.12169313
-0.13169253	-0.12962961
-0.13272204	-0.13624340
-0.13363342	-0.14021164
-0.13468194	-0.14550263
-0.13605310	-0.14594358
-0.13776623	-0.14373899
-0.13958836	-0.14329809
-0.14100471	-0.14682537
-0.14132483	-0.14241624
-0.13996333	-0.13756615
-0.13679183	-0.13668430
-0.13231905	-0.13271606
-0.12753093	-0.12433863
-0.12347499	-0.12433863
-0.12086797	-0.12918872
-0.11994147	-0.12610227
-0.12053436	-0.12081128
-0.12229641	-0.12169313
-0.12485479	-0.11728394
-0.12788405	-0.11067021
-0.13110170	-0.11684304
-0.13423674	-0.12874782
-0.13700493	-0.13580245
-0.13909638	-0.14638448
-0.14017987	-0.15211642
-0.13993534	-0.14858907
-0.13814846	-0.14065254
-0.13489154	-0.13447970
-0.13075647	-0.12786597
-0.12699960	-0.12213403
-0.12535489	-0.11948854
-0.12722299	-0.12301588
-0.13264164	-0.12874782
-0.14028758	-0.13403881
-0.14848055	-0.14197528
-0.15598440	-0.15476191
-0.16221441	-0.16710758
-0.16711433	-0.17592591
-0.17093940	-0.18077600
-0.17406161	-0.18474424
-0.17683344	-0.18342149
-0.17951356	-0.17945325
-0.18224382	-0.17724866
-0.18505771	-0.17724866
-0.18790606	-0.18033510
-0.19068606	-0.18650794
-0.19326766	-0.19356263
-0.19551064	-0.19885361
-0.19727693	-0.20458555
-0.19843858	-0.20679015
-0.19888718	-0.20414460
-0.19854933	-0.19841272
-0.19741011	-0.19356263
-0.19554368	-0.18871254
-0.19313754	-0.18474424
-0.19049387	-0.18077600
-0.18798539	-0.17989421
-0.18597248	-0.18077600
-0.18470897	-0.18121696
-0.18428521	-0.18298060
-0.18463044	-0.18518519
-0.18555705	-0.18827158
-0.18681623	-0.18959433
