0.00010548	0.00000000
-0.00141312	-0.00345182
-0.00609942	-0.00931996
-0.01309557	-0.01104593
-0.01473348	-0.01622367
-0.01401244	-0.01449776
-0.01218901	-0.01760441
-0.00966869	-0.01242667
-0.00792007	-0.01070070
-0.00788401	-0.00690371
-0.00985013	-0.00862962
-0.01381714	-0.01449776
-0.01975654	-0.02554369
-0.02763568	-0.03313774
-0.03704910	-0.04142219
-0.04686438	-0.04970658
-0.05561598	-0.05591995
-0.06222194	-0.05833620
-0.06626700	-0.06454951
-0.06796141	-0.06834656
-0.06798572	-0.06869173
-0.06724682	-0.06731099
-0.06659406	-0.06938213
-0.06655565	-0.06834656
-0.06715652	-0.06869173
-0.06790499	-0.06696582
-0.06803587	-0.06454951
-0.06696028	-0.06247842
-0.06458017	-0.06316882
-0.06114843	-0.06178808
-0.05701874	-0.05695546
-0.05259468	-0.05108732
-0.04820014	-0.04349327
-0.04398881	-0.03831547
-0.04004992	-0.03900588
-0.03655118	-0.03866071
-0.03379416	-0.03797030
-0.03218503	-0.03900588
-0.03214188	-0.03589922
-0.03391962	-0.02934068
-0.03732377	-0.03313774
-0.04144967	-0.03797030
-0.04491678	-0.04418361
-0.04688992	-0.05419397
-0.04789473	-0.05384880
-0.04917656	-0.05246806
-0.05153726	-0.05281323
-0.05511323	-0.05281323
-0.05978200	-0.05281323
-0.06541818	-0.06075251
-0.07186158	-0.07041770
-0.07878865	-0.07870209
-0.08567947	-0.08595097
-0.09195016	-0.09319985
-0.09714836	-0.10044873
-0.10106263	-0.10044873
-0.10371978	-0.10217464
-0.10531802	-0.10424578
-0.10613618	-0.10528135
-0.10644888	-0.10528135
-0.10647328	-0.10666203
-0.10635239	-0.10838801
-0.10616565	-0.10907835
-0.10595769	-0.10735244
-0.10577278	-0.10597169
-0.10568483	-0.10286504
-0.10580996	-0.10079390
-0.10629395	-0.09941316
-0.10727394	-0.10251987
-0.10883252	-0.10631686
-0.11096618	-0.11322057
-0.11358701	-0.11874354
-0.11655380	-0.12288576
-0.11971743	-0.12357610
-0.12295838	-0.12668276
-0.12621118	-0.13013464
-0.12947480	-0.13117015
-0.13281508	-0.13013464
-0.13636176	-0.13151538
-0.14029968	-0.13289613
-0.14484809	-0.13513982
-0.15022863	-0.14411461
-0.15662470	-0.15585089
-0.16414240	-0.17086643
-0.17278537	-0.18467379
-0.18244986	-0.19934416
-0.19294021	-0.20969969
-0.20399792	-0.21936488
-0.21533476	-0.22488779
-0.22665867	-0.23058337
-0.23768960	-0.23835003
-0.24816273	-0.24387300
-0.25782356	-0.25129443
-0.26642436	-0.25871593
-0.27373216	-0.27045220
-0.27955511	-0.27908182
-0.28378338	-0.28805661
-0.28642663	-0.29409736
-0.28762439	-0.29875731
-0.28762197	-0.29409736
-0.28671908	-0.29150844
-0.28521362	-0.28805661
-0.28335533	-0.28529513
-0.28131434	-0.27908182
-0.27916086	-0.27804625
-0.27685949	-0.27321368
-0.27431306	-0.26855367
-0.27149650	-0.26095963
-0.26860628	-0.25940627
-0.26601151	-0.25681740
-0.26402101	-0.25560927
-0.26277417	-0.25543666
-0.26236281	-0.26061445
-0.26298329	-0.26734555
-0.26496205	-0.27442181
-0.26864269	-0.27856404
-0.27419719	-0.28391439
-0.28144965	-0.28840178
-0.28985894	-0.29012769
-0.29878098	-0.29444253
-0.30784842	-0.30376250
-0.31702530	-0.31273729
-0.32629803	-0.32430100
-0.33550131	-0.33534694
-0.34438914	-0.34294099
-0.35266963	-0.34863651
-0.35996899	-0.35381430
-0.36585447	-0.35761130
-0.37002981	-0.36261648
-0.37266636	-0.36934757
-0.37454501	-0.37573349
-0.37671486	-0.37849498
-0.37989685	-0.37901276
-0.38418201	-0.37763202
-0.38916418	-0.37884021
-0.39422551	-0.38125646
-0.39879242	-0.38867795
-0.40253481	-0.39868832
-0.40545955	-0.40766311
-0.40785900	-0.40887123
-0.41017371	-0.40869868
-0.41284502	-0.41111493
-0.41620383	-0.41646528
-0.42040691	-0.42440456
-0.42541578	-0.43562305
-0.43100780	-0.44269937
-0.43681490	-0.44442528
-0.44238633	-0.44373488
-0.44726080	-0.44183636
-0.45103088	-0.44149119
-0.45338634	-0.44787711
-0.45414445	-0.45132893
-0.45328143	-0.44960302
-0.45097151	-0.44770449
-0.44761604	-0.44373488
-0.44383302	-0.43769419
-0.44038430	-0.43924749
-0.43802798	-0.44218159
-0.43730077	-0.44390750
-0.43826243	-0.44494307
-0.44030780	-0.44477046
-0.44227356	-0.44149119
-0.44298270	-0.43821192
-0.44189069	-0.43631345
-0.43927172	-0.43631345
-0.43586925	-0.43683118
-0.43240997	-0.43510526
-0.42932561	-0.43320674
-0.42674947	-0.43010008
-0.42466685	-0.42595786
-0.42307845	-0.42302382
-0.42209312	-0.42216086
-0.42193365	-0.42302382
-0.42286986	-0.42371416
-0.42511690	-0.42768383
-0.42874917	-0.43010008
-0.43366751	-0.43355197
-0.43961993	-0.43769419
-0.44624969	-0.44666898
-0.45314750	-0.45547116
-0.45990339	-0.46392822
-0.46614835	-0.47238523
-0.47159025	-0.47928894
-0.47603914	-0.48187780
-0.47942075	-0.48153263
-0.48177853	-0.48239559
-0.48325896	-0.48222297
-0.48408356	-0.48153263
-0.48451212	-0.48222297
-0.48480365	-0.48274076
-0.48518226	-0.48498446
-0.48581424	-0.48653781
-0.48679557	-0.48740077
-0.48815084	-0.48705560
-0.48984078	-0.48964447
-0.49177441	-0.49119776
-0.49382427	-0.49344146
-0.49584380	-0.49723852
-0.49768439	-0.50138074
-0.49921092	-0.50500518
-0.50031722	-0.50828445
-0.50093693	-0.51156366
-0.50105232	-0.51087332
-0.50069600	-0.50966513
-0.49994996	-0.50621331
-0.49893627	-0.50086296
-0.49780372	-0.49464965
-0.49671069	-0.49154299
-0.49580589	-0.48964447
-0.49521092	-0.49085259
-0.49500647	-0.49050742
-0.49522611	-0.49206078
-0.49585810	-0.49620295
-0.49685290	-0.49930966
-0.49813816	-0.50258887
-0.49963155	-0.50845706
-0.50125515	-0.51208150
-0.50294435	-0.51018298
-0.50465322	-0.50862962
-0.50635487	-0.50535035
-0.50803715	-0.50293410
-0.50969940	-0.50241625
-0.51134413	-0.50690371
-0.51297289	-0.51208150
-0.51458174	-0.51725924
-0.51615912	-0.52209181
-0.51768339	-0.52623403
-0.51912373	-0.52882290
-0.52044010	-0.53089404
-0.52158350	-0.52778733
-0.52249521	-0.52450812
-0.52310640	-0.52347255
-0.52333623	-0.51846737
-0.52308983	-0.51363480
-0.52225673	-0.51190889
-0.52071238	-0.50966513
-0.51832247	-0.50604069
-0.51495463	-0.50586814
-0.51050025	-0.50604069
-0.50490218	-0.50811183
-0.49819234	-0.51001036
