-0.00192219	0.00000000
0.00066410	0.00140202
0.00792654	-0.00245357
-0.00747187	-0.00420612
-0.01080872	-0.00736070
-0.00799568	-0.00806171
-0.00578134	-0.00665963
-0.00307075	-0.00525761
0.00040524	-0.00525761
0.00429593	0.00105155
0.00804238	0.00560808
0.01094993	0.00946367
0.01238112	0.01402032
0.01194845	0.01612341
0.00958820	0.00911319
0.00560202	0.00140202
0.00067990	-0.00806171
-0.00422655	-0.01437086
-0.00827674	-0.01577288
-0.01117961	-0.01472133
-0.01327987	-0.01296878
-0.01515700	-0.01296878
-0.01715942	-0.01437086
-0.01926572	-0.01577288
-0.02122001	-0.02068001
-0.02273731	-0.02383459
-0.02366839	-0.02453560
-0.02412401	-0.02698916
-0.02457975	-0.03189623
-0.02592905	-0.03259724
-0.02931125	-0.03259724
-0.03550552	-0.03995794
-0.04407193	-0.04907113
-0.05312927	-0.05292672
-0.06041574	-0.06063795
-0.06476103	-0.06764811
-0.06655850	-0.06799859
-0.06712978	-0.06414300
-0.06781936	-0.06449354
-0.06942602	-0.06449354
-0.07208182	-0.07010162
-0.07542655	-0.07711184
-0.07887630	-0.08587450
-0.08184785	-0.09078163
-0.08388405	-0.08692604
-0.08469155	-0.08307046
-0.08412179	-0.07746232
-0.08213235	-0.07781285
-0.07874925	-0.07676131
-0.07404165	-0.08026636
-0.06810816	-0.07816333
-0.06106965	-0.06344199
-0.05306137	-0.04030848
-0.04421830	-0.02909219
-0.03464282	-0.02488607
-0.02435101	-0.02068001
-0.01318991	-0.02909219
-0.00075805	-0.01437086
0.01357915	-0.00420612
0.03044895	0.01472139
0.05003813	0.06519449
0.07183644	0.10620403
0.09502339	0.11181211
0.11949103	0.13529623
0.14669622	0.15317214
0.17919165	0.14055383
0.21868514	0.20574832
0.26414716	0.28496325
0.31174925	0.33648789
0.35683823	0.38590956
0.39642283	0.43182611
0.43058851	0.44269192
0.46272925	0.46862948
0.49969530	0.48545396
0.55236501	0.55730808
0.63334447	0.69400632
0.74519271	0.79214859
0.86850888	0.88398182
0.97195834	1.00490713
1.03533220	1.04206109
1.05449605	1.06589556
1.02999103	1.03645277
0.97144264	0.96565020
0.88669014	0.84682786
0.77999043	0.75709784
0.66077834	0.61549246
0.55180913	0.52330875
0.47934124	0.45040309
0.44408727	0.43568170
0.42645606	0.40904307
0.40798289	0.38205397
0.38156196	0.36102343
0.35337266	0.35050821
0.33193395	0.32842624
0.32051632	0.33052921
0.31837046	0.32386959
0.32358989	0.32737470
0.33421692	0.34349811
0.34838769	0.36768317
0.36432076	0.37504387
0.38032207	0.39362073
0.39487648	0.40694010
0.40682688	0.40764105
0.41554329	0.40939367
0.42098734	0.41465127
0.42364928	0.42972314
0.42438981	0.42937255
0.42422354	0.42516649
0.42408398	0.42166138
0.42460534	0.42411494
0.42596874	0.42131090
0.42785111	0.43673325
0.42949250	0.44058883
0.42985830	0.43252718
0.42783549	0.43463016
0.42239130	0.42516649
0.41269654	0.39992988
0.39833823	0.38205397
0.37974432	0.36698210
0.35857511	0.33824050
0.33748630	0.31335437
0.31914040	0.31195235
0.30520567	0.29898357
0.29597428	0.28706622
0.29052392	0.28005612
0.28711513	0.28145814
0.28365853	0.26568520
0.27821955	0.26778829
0.26951665	0.26498425
0.25724643	0.25026286
0.24201503	0.22818089
0.22480133	0.21275854
0.20621769	0.19698560
0.18611851	0.17910969
0.16393824	0.16508937
0.13946687	0.14160538
0.11328413	0.11076057
0.08646062	0.06799865
0.05992560	0.03680336
0.03409483	0.01016474
0.00890181	-0.00245357
-0.01594002	-0.00911319
-0.04060160	-0.03645283
-0.06488460	-0.07220471
-0.08815427	-0.09989482
-0.10942979	-0.12933755
-0.12758046	-0.15247107
-0.14158677	-0.14300734
-0.15078126	-0.13669819
-0.15498021	-0.13459516
-0.15448533	-0.14160532
-0.15001260	-0.15141958
-0.14259605	-0.14896601
-0.13348001	-0.13038903
-0.12396275	-0.11216265
-0.11517490	-0.08307046
-0.10784093	-0.07255518
-0.10212725	-0.06834912
-0.09763983	-0.07290572
-0.09354764	-0.08236945
-0.08875385	-0.09323519
-0.08205274	-0.08973008
-0.07226063	-0.08937961
-0.05840634	-0.05327725
-0.04016788	-0.02874166
-0.01864044	0.00280404
0.00323068	0.02698910
0.02168361	0.04977214
0.03408024	0.03470027
0.03987625	0.03680336
0.04021598	0.02453554
0.03710903	0.02208197
0.03272997	0.01997900
0.02885056	0.02698910
0.02653873	0.02558708
0.02617835	0.03434980
0.02762668	0.03575182
0.03035648	0.03890646
0.03359355	0.03505087
0.03655355	0.03820539
0.03877980	0.03890646
0.04035018	0.04451454
0.04172406	0.04591656
0.04336488	0.04837012
0.04546241	0.05012262
0.04787065	0.04801965
0.05018206	0.04731858
0.05187209	0.04942167
0.05247290	0.04977214
0.05168810	0.05012262
0.04931733	0.05117416
0.04498555	0.05082369
0.03799072	0.04696810
0.02766611	0.03890646
0.01407720	0.01647389
-0.00151388	-0.00630915
-0.01660030	-0.03750437
-0.02801031	-0.04486507
-0.03316611	-0.05152470
-0.03098835	-0.03505081
-0.02244468	-0.01787591
-0.01063779	0.01016474
0.00083879	0.00876272
0.00990339	0.01437080
0.01647420	0.01507187
0.02167517	0.01437080
0.02677714	0.01542234
0.03241321	0.02804065
0.03814736	0.03995788
0.04236940	0.03995788
0.04253875	0.03925693
0.03591554	0.02032948
0.02090056	-0.00140202
-0.00140734	-0.02663863
-0.02668239	-0.04872066
-0.04909739	-0.06799859
-0.06453095	-0.07220471
-0.07245283	-0.07325619
-0.07515432	-0.07255518
-0.07578413	-0.06869960
-0.07686265	-0.06799859
-0.07969278	-0.07220471
-0.08439082	-0.07991588
-0.09026186	-0.09358567
-0.09634945	-0.10655451
-0.10191706	-0.11041009
-0.10652041	-0.10935855
-0.10954359	-0.10690498
-0.10980238	-0.09709078
-0.10595798	-0.08447248
-0.09740507	-0.07816333
-0.08478781	-0.07150370
-0.06993970	-0.06659657
-0.05544470	-0.05678231
-0.04402763	-0.03680336
-0.03790981	-0.02839118
-0.03821333	-0.03119522
-0.04454310	-0.04100949
-0.05492385	-0.05853486
-0.06625011	-0.08342093
-0.07526428	-0.09638977
