0.00055318	0.00000000
0.00701919	0.00805521
0.02537696	0.02013814
0.02520184	0.02646720
0.02402140	0.02646720
0.02595763	0.02531648
0.02725326	0.02416575
0.02779423	0.02186418
0.02799560	0.02646720
0.02792783	0.02876866
0.02728005	0.03164554
0.02584847	0.02589178
0.02382519	0.02589178
0.02184101	0.01898730
0.02085902	0.01898730
0.02202405	0.02128887
0.02651079	0.02416575
0.03534772	0.02991951
0.04919405	0.04315305
0.06802227	0.06904483
0.09072842	0.09148443
0.11483754	0.11852705
0.13668771	0.13924050
0.15250497	0.15304947
0.16012983	0.15362489
0.16014384	0.15420020
0.15530156	0.14902186
0.14882974	0.14787114
0.14303343	0.14499426
0.13892463	0.13981593
0.13664670	0.13406217
0.13611899	0.13636363
0.13740298	0.13636363
0.14055507	0.13866508
0.14508541	0.14326811
0.14948216	0.14614499
0.15134312	0.14441884
0.14844896	0.14441884
0.14066453	0.13751435
0.13128871	0.13003457
0.12539789	0.12485611
0.12615600	0.12888372
0.13335015	0.13463748
0.14463665	0.14844644
0.15708621	0.16283083
0.16808613	0.17491364
0.17579894	0.17663980
0.17934440	0.17663980
0.17874093	0.17146146
0.17470501	0.16628313
0.16848738	0.16455698
0.16179574	0.16743386
0.15659185	0.16225553
0.15452358	0.16052938
0.15606086	0.15707707
0.15980683	0.15247416
0.16268565	0.15477562
0.16156437	0.15937865
0.15591867	0.15937865
0.14929272	0.15707707
0.14674382	0.15707707
0.14961126	0.14844644
0.15362509	0.14499426
0.15433940	0.14902186
0.15294711	0.15650177
0.15392409	0.16628313
0.15973227	0.17606449
0.16964577	0.18354428
0.18141405	0.18354428
0.19279884	0.18699658
0.20213239	0.19505179
0.20848195	0.20138085
0.21186215	0.20713460
0.21329404	0.21173763
0.21446520	0.21461451
0.21701600	0.21749139
0.22168711	0.22151899
0.22771107	0.22209442
0.23280580	0.23245108
0.23391858	0.23820484
0.22850160	0.23302650
0.21568361	0.22554660
0.19659257	0.21058691
0.17363578	0.17203677
0.14928909	0.14384353
0.12515910	0.11852705
0.10180245	0.08630610
0.07930155	0.06041431
0.05806686	0.05178368
0.03914061	0.03912544
0.02380359	0.02531648
0.01293260	0.02013814
0.00664203	0.01495969
0.00437127	0.01150751
0.00520490	0.01553512
0.00815501	0.01035678
0.01231413	0.00517833
0.01691608	0.01323354
0.02136921	0.02186418
0.02527967	0.01898730
0.02844501	0.02071345
0.03079640	0.02991951
0.03230929	0.03049481
0.03292750	0.03049481
0.03253341	0.03222096
0.03096362	0.04142690
0.02805547	0.03797472
0.02371080	0.02531648
0.01796614	0.01380897
0.01106040	0.00115073
0.00346610	-0.00863063
-0.00416064	-0.01898736
-0.01112828	-0.01611048
-0.01690448	-0.01495975
-0.02126267	-0.01323360
-0.02430906	-0.01898736
-0.02639240	-0.01726121
-0.02795274	-0.02186424
-0.02937929	-0.01898736
-0.03092092	-0.02186424
-0.03266372	-0.02646720
-0.03456024	-0.02876872
-0.03648724	-0.03452241
-0.03830907	-0.04890680
-0.03992910	-0.05638665
-0.04132123	-0.05523592
-0.04254149	-0.05983889
-0.04371897	-0.05868816
-0.04503264	-0.05523592
-0.04667882	-0.05293441
-0.04883504	-0.05811280
-0.05162840	-0.05581129
-0.05511270	-0.05293441
-0.05926069	-0.05120826
-0.06396889	-0.05408514
-0.06907620	-0.05408514
-0.07438776	-0.06444186
-0.07970048	-0.07710010
-0.08482586	-0.08630610
-0.08960787	-0.09321058
-0.09393536	-0.09493673
-0.09774992	-0.09378594
-0.10104810	-0.10299194
-0.10387538	-0.11737627
-0.10631351	-0.12945914
-0.10846139	-0.13751441
-0.11041513	-0.14499426
-0.11224920	-0.13348675
-0.11399785	-0.11795169
-0.11563866	-0.10126585
-0.11707658	-0.09723818
-0.11813645	-0.09033370
-0.11858267	-0.08860761
-0.11817931	-0.08745682
-0.11676989	-0.08630610
-0.11430986	-0.08573073
-0.11082240	-0.09205985
-0.10631773	-0.10011506
-0.10071365	-0.10529345
-0.09376341	-0.10874569
-0.08514018	-0.09953970
-0.07475273	-0.07882625
-0.06296745	-0.05696201
-0.05053417	-0.03452241
-0.03838190	-0.01495975
-0.02746377	-0.00632912
-0.01872287	-0.01150745
-0.01303173	-0.01611048
-0.01097815	-0.02589184
-0.01262879	-0.03164560
-0.01748811	-0.03682393
-0.02469982	-0.03452241
-0.03336066	-0.03337169
-0.04278060	-0.03049481
-0.05260316	-0.03624856
-0.06278311	-0.04257768
-0.07346765	-0.05811280
-0.08482781	-0.08342922
-0.09687442	-0.10932106
-0.10929786	-0.12888378
-0.12141170	-0.14039123
-0.13229562	-0.14614499
-0.14112559	-0.14672035
-0.14749190	-0.14844650
-0.15148681	-0.15074801
-0.15356641	-0.15822786
-0.15434083	-0.16398162
-0.15441392	-0.16455698
-0.15429862	-0.16225547
-0.15439025	-0.15880322
-0.15497029	-0.16052932
-0.15621893	-0.16110474
-0.15822349	-0.16225547
-0.16098121	-0.16398162
-0.16440086	-0.16858459
-0.16831310	-0.16800922
-0.17249374	-0.17031068
-0.17670067	-0.17491370
-0.18071575	-0.18009204
-0.18437590	-0.18469507
-0.18758455	-0.18757194
-0.19030029	-0.18757194
-0.19251841	-0.18872267
-0.19427292	-0.18987340
-0.19568226	-0.19044882
-0.19701564	-0.19275028
-0.19869852	-0.19735330
-0.20119251	-0.19907939
-0.20480026	-0.20368242
-0.20953231	-0.21058691
-0.21512453	-0.21634060
-0.22116184	-0.21921748
-0.22722037	-0.22266972
-0.23296715	-0.22612196
-0.23821227	-0.23360187
-0.24291475	-0.24338323
-0.24714999	-0.24856156
-0.25105277	-0.24856156
-0.25476685	-0.25201380
-0.25842661	-0.25086308
-0.26217154	-0.25201380
-0.26615688	-0.26064444
-0.27051279	-0.27157652
-0.27524248	-0.27733028
-0.28011826	-0.28538549
-0.28466710	-0.28596085
-0.28828907	-0.28711164
-0.29045501	-0.28711164
-0.29089171	-0.28596085
-0.28967610	-0.28365940
-0.28719953	-0.28135788
-0.28402880	-0.27790564
-0.28074327	-0.27733028
-0.27780610	-0.27675492
-0.27547824	-0.27330267
-0.27377966	-0.27560413
-0.27251199	-0.27272725
-0.27134532	-0.27100116
-0.26995221	-0.26927501
-0.26815000	-0.26639813
-0.26599601	-0.26179516
