0.00122374	0.00000000
0.01593103	0.01174009
0.01822595	0.02264154
0.03706424	0.02976942
0.02839218	0.02976942
0.02351730	0.02515721
0.01882021	0.01635218
0.01394837	0.00964355
0.00922956	0.00586998
0.00560244	0.00125790
0.00377234	0.00000000
0.00410743	0.00377357
0.00662421	0.00209641
0.01112358	0.00754714
0.01737191	0.01761007
0.02521567	0.02473795
0.03455155	0.02851152
0.04515554	0.04528296
0.05649452	0.05870020
0.06773032	0.06540883
0.07804877	0.07421386
0.08712623	0.08763099
0.09531309	0.09308171
0.10332482	0.09392035
0.11167945	0.10733747
0.12033956	0.11991620
0.12884605	0.12830186
0.13678473	0.14423478
0.14407942	0.15681338
0.15085332	0.15597486
0.15710609	0.16058695
0.16251782	0.16226411
0.16646059	0.16016769
0.16820468	0.16100633
0.16728602	0.16226411
0.16385527	0.16184485
0.15872882	0.16645706
0.15307926	0.16519916
0.14800836	0.15555561
0.14426532	0.14758909
0.14217250	0.13794553
0.14167450	0.12704408
0.14241721	0.12368977
0.14380530	0.13081765
0.14502892	0.13836479
0.14508663	0.14842772
0.14285307	0.14884698
0.13724940	0.14465404
0.12754062	0.12746334
0.11370570	0.11111116
0.09673019	0.08637321
0.07862842	0.06750524
0.06206828	0.05199158
0.04966071	0.04402518
0.04319936	0.03815508
0.04320879	0.04318655
0.04897526	0.05031443
0.05893686	0.06247377
0.07117122	0.07798743
0.08379965	0.09056604
0.09527171	0.09685540
0.10455303	0.10062897
0.11120942	0.10272539
0.11535735	0.10356390
0.11748724	0.11530399
0.11822531	0.12578619
0.11811784	0.13542974
0.11749233	0.13668764
0.11641513	0.13375258
0.11474098	0.12285113
0.11222856	0.11320758
0.10868029	0.10272539
0.10405646	0.08930814
0.09852090	0.08301890
0.09240399	0.07924533
0.08610650	0.08343816
0.07999192	0.08259964
0.07430659	0.08176100
0.06914933	0.07756817
0.06448673	0.06792450
0.06019752	0.05660379
0.05612725	0.04947591
0.05213700	0.04360592
0.04813752	0.04025161
0.04410610	0.04109013
0.04008995	0.03605866
0.03620219	0.03312373
0.03261742	0.03354299
0.02956632	0.03228509
0.02731885	0.02683437
0.02610134	0.02012575
0.02583325	0.01719081
0.02567904	0.01593292
0.02391477	0.01425576
0.01881199	0.01467502
0.00994492	0.00964355
-0.00159557	0.00000000
-0.01397228	-0.01341718
-0.02531475	-0.02851152
-0.03407027	-0.04570228
-0.03907211	-0.05115306
-0.03950700	-0.04402518
-0.03516650	-0.03186584
-0.02659003	-0.01090145
-0.01426844	0.01257861
0.00128061	0.01886797
0.01903902	0.03480089
0.03791858	0.05157232
0.05682242	0.06163526
0.07439715	0.07127881
0.08905266	0.09392035
0.09941797	0.09895182
0.10506721	0.10607970
0.10697359	0.10817611
0.10712236	0.11194968
0.10750300	0.11823905
0.10935669	0.11781967
0.11301218	0.11698115
0.11792745	0.11949682
0.12268877	0.12201262
0.12529407	0.12201262
0.12409252	0.12997901
0.11878179	0.12620544
0.11053084	0.12201262
0.10123879	0.11111116
0.09262067	0.10104823
0.08566007	0.08637321
0.08055308	0.07756817
0.07697491	0.07002091
0.07440570	0.06373167
0.07234399	0.05450737
0.07038935	0.05492663
0.06824787	0.05450737
0.06571069	0.05828094
0.06262991	0.06331241
0.05888984	0.07295597
0.05436160	0.06834376
0.04882300	0.06205451
0.04185961	0.04863727
0.03288233	0.03438151
0.02158958	0.01677144
0.00898138	0.00041926
-0.00225851	-0.00796646
-0.00943816	-0.01551360
-0.01181986	-0.01761007
-0.01063539	-0.01509434
-0.00795166	-0.00922430
-0.00554468	-0.00922430
-0.00431122	-0.01215935
-0.00432597	-0.01299793
-0.00524994	-0.01215935
-0.00672178	-0.01132077
-0.00854719	-0.01174003
-0.01069645	-0.00712788
-0.01320818	-0.00754714
-0.01609331	-0.01719075
-0.01928850	-0.02473795
-0.02266041	-0.03270441
-0.02603866	-0.03857440
-0.02925263	-0.04318660
-0.03215839	-0.04025155
-0.03465147	-0.03605872
-0.03666868	-0.02893084
-0.03818317	-0.02599579
-0.03919705	-0.02389938
-0.03973287	-0.02893084
-0.03982762	-0.03899372
-0.03952702	-0.04654086
-0.03888209	-0.05031449
-0.03794710	-0.05283016
-0.03677800	-0.05115306
-0.03543118	-0.04486376
-0.03396334	-0.03941298
-0.03243037	-0.03144652
-0.03088699	-0.02138364
-0.02938590	-0.01090145
-0.02797750	-0.00335431
-0.02670868	0.00167716
-0.02562356	0.00167716
-0.02476159	0.00000000
-0.02415896	-0.00083858
-0.02384789	-0.00545073
-0.02385654	-0.01383650
-0.02420953	-0.02096438
-0.02492778	-0.03186584
-0.02602806	-0.04947591
-0.02752258	-0.06163520
-0.02941763	-0.06331235
-0.03171177	-0.06289309
-0.03439409	-0.05953878
-0.03744198	-0.05199164
-0.04081970	-0.04654086
-0.04447702	-0.04737943
-0.04835019	-0.05199164
-0.05236346	-0.05870020
-0.05643176	-0.06457025
-0.06046357	-0.06708598
-0.06436229	-0.06666666
-0.06802812	-0.06750524
-0.07136139	-0.06750524
-0.07427052	-0.07002097
-0.07668355	-0.07253671
-0.07856382	-0.07589096
-0.07992203	-0.07672954
-0.08082048	-0.07589096
-0.08136588	-0.07211739
-0.08169183	-0.07169813
-0.08193459	-0.07295597
-0.08220956	-0.07337528
-0.08259341	-0.07463312
-0.08311470	-0.07547170
-0.08375463	-0.07589096
-0.08445551	-0.07966459
-0.08513531	-0.08637315
-0.08570679	-0.09475893
-0.08610006	-0.10314465
-0.08628964	-0.10524112
-0.08632602	-0.09979033
-0.08636905	-0.09350103
-0.08670862	-0.08553457
-0.08775327	-0.07882601
-0.08996484	-0.07966459
-0.09374291	-0.08511531
-0.09928252	-0.09098530
-0.10646007	-0.09937108
-0.11480431	-0.10985327
-0.12358625	-0.12494761
-0.13199629	-0.14046121
-0.13932468	-0.15639412
-0.14507119	-0.16687632
-0.14897667	-0.17358488
-0.15100645	-0.16939205
-0.15132003	-0.15471697
-0.15024294	-0.14339620
-0.14823607	-0.13626832
-0.14584960	-0.13417190
-0.14364387	-0.13123691
-0.14207701	-0.14046121
-0.14139472	-0.14255768
-0.14158317	-0.14507335
-0.14241390	-0.14171910
