0.00024699	0.00000000
0.01167654	0.00533044
0.00851824	0.00799572
0.01114707	0.01172709
0.01309623	0.01012790
0.01445539	0.01545846
0.01214104	0.01439238
0.00623696	0.01119399
-0.00127761	-0.00053304
-0.00844152	-0.01652449
-0.01426376	-0.02825159
-0.01839165	-0.03411514
-0.02089871	-0.03038377
-0.02208651	-0.02132195
-0.02225168	-0.00906181
-0.02134456	-0.00479746
-0.01854355	-0.00639659
-0.01197775	-0.00639659
0.00118549	-0.00692964
0.02419032	0.00586355
0.05946188	0.03411520
0.10648198	0.10820901
0.15945442	0.17697227
0.20731817	0.22014928
0.23808675	0.25319827
0.24613105	0.26172709
0.23971204	0.23187637
0.23236883	0.20735610
0.22838847	0.21215355
0.22524174	0.21908319
0.21919970	0.22174835
0.20716973	0.21002138
0.18743441	0.18710017
0.16086324	0.15778255
0.13159770	0.11620474
0.10517001	0.09754801
0.08544141	0.08422172
0.07400659	0.07356071
0.07157241	0.08262265
0.07820518	0.09754801
0.09127559	0.09648192
0.10588876	0.10287845
0.11845523	0.11993599
0.12610944	0.12046909
0.12868485	0.11513865
0.12892838	0.12633264
0.12933604	0.13219619
0.12966041	0.13539445
0.12641452	0.12793171
0.11645233	0.12206829
0.10171570	0.10394454
0.08773619	0.08848619
0.07869135	0.06876338
0.07529430	0.06183374
0.07581766	0.06343281
0.07789741	0.07356071
0.07968259	0.07995737
0.08029644	0.08262265
0.07991670	0.08528781
0.07953884	0.08688700
0.08052908	0.08848619
0.08417252	0.08795309
0.09129217	0.09648192
0.10194282	0.11087418
0.11520246	0.12313437
0.12910256	0.12793171
0.14089750	0.15298510
0.14801539	0.15831554
0.14949262	0.14818764
0.14659773	0.14125800
0.14186184	0.13805974
0.13765405	0.11940300
0.13559605	0.11940300
0.13674462	0.13539445
0.14184387	0.14925373
0.15126224	0.17324090
0.16471536	0.19402981
0.18108651	0.20735610
0.19855314	0.22388065
0.21501169	0.22921109
0.22859107	0.22281444
0.23798651	0.20895517
0.24250777	0.21268654
0.24195565	0.20149255
0.23648544	0.20735610
0.22653399	0.21535182
0.21281202	0.21908319
0.19632234	0.20842218
0.17832987	0.19136465
0.16020234	0.17590618
0.14311616	0.15565038
0.12772597	0.13965881
0.11382695	0.11727083
0.09997608	0.10394454
0.08379041	0.08422172
0.06445979	0.05703628
0.04557453	0.03624737
0.03305615	0.02558637
0.03053801	0.01652455
0.03793485	0.01759064
0.05276726	0.04157782
0.07182394	0.06663108
0.09216742	0.09275055
0.11152835	0.12206829
0.12842174	0.14072490
0.14217378	0.15031981
0.15281914	0.16577828
0.16075967	0.16364610
0.16624318	0.16684437
0.16897316	0.16684437
0.16821365	0.16417909
0.16340779	0.15511727
0.15478520	0.15778255
0.14340587	0.14658844
0.13068537	0.14019191
0.11785622	0.12206829
0.10565738	0.10127926
0.09417544	0.07942426
0.08260776	0.06556499
0.06941427	0.04477608
0.05448274	0.03464818
0.04039182	0.03678036
0.02841400	0.02771854
0.01862954	0.01865673
0.01190637	0.01599145
0.00907363	0.02238810
0.00978163	0.01812363
0.01227528	0.01865673
0.01437546	0.01972282
0.01455546	0.01599145
0.01226647	0.00053310
0.00768545	-0.01012790
0.00133738	-0.01066101
-0.00617941	-0.01439232
-0.01433235	-0.01279318
-0.02270235	-0.01226014
-0.03098449	-0.02345413
-0.03896989	-0.04584223
-0.04652044	-0.05756932
-0.05354445	-0.06449896
-0.05997385	-0.06769723
-0.06574674	-0.05756932
-0.07079495	-0.05916846
-0.07503894	-0.07675904
-0.07838924	-0.09381664
-0.08075562	-0.09968019
-0.08206330	-0.10820895
-0.08227579	-0.09275055
-0.08142102	-0.07569295
-0.07961166	-0.06503201
-0.07705207	-0.06823027
-0.07401939	-0.07036245
-0.07081956	-0.06236672
-0.06772695	-0.05010659
-0.06493242	-0.04424310
-0.06251683	-0.03678036
-0.06046069	-0.03784651
-0.05867932	-0.04957354
-0.05706461	-0.06183368
-0.05551508	-0.07142860
-0.05394189	-0.07462686
-0.05225417	-0.06769723
-0.05033697	-0.06236672
-0.04804319	-0.05650318
-0.04521871	-0.04637527
-0.04175273	-0.03837955
-0.03761974	-0.03358209
-0.03288253	-0.02931768
-0.02764968	-0.02398723
-0.02201292	-0.01918977
-0.01600370	-0.01226014
-0.00960167	0.00213218
-0.00280206	0.01226008
0.00427230	0.02078891
0.01126141	0.03304899
0.01751909	0.03891253
0.02216903	0.03304899
0.02427834	0.02931774
0.02311357	0.02665246
0.01840480	0.01652455
0.01052807	0.01279318
0.00050740	0.00639653
-0.01020069	-0.00159913
-0.02008323	-0.01439232
-0.02796198	-0.02185500
-0.03325255	-0.03678036
-0.03601852	-0.04264390
-0.03682549	-0.04104477
-0.03646657	-0.03304905
-0.03569128	-0.02771854
-0.03507063	-0.01918977
-0.03502849	-0.01599145
-0.03593589	-0.02078891
-0.03814155	-0.03038377
-0.04190394	-0.04584223
-0.04728030	-0.06023455
-0.05404017	-0.07249469
-0.06163286	-0.08049041
-0.06920467	-0.08528787
-0.07566256	-0.08475482
-0.07981323	-0.08315563
-0.08061155	-0.07995737
-0.07748840	-0.07782519
-0.07061386	-0.07142860
-0.06090845	-0.06663114
-0.04974536	-0.06503201
-0.03850137	-0.05970150
-0.02819508	-0.03091687
-0.01935860	-0.01865673
-0.01213027	-0.00746268
-0.00646043	0.00639653
-0.00232179	0.01172709
0.00014676	-0.00533050
0.00059448	-0.00746268
-0.00147945	-0.01226014
-0.00655849	-0.02292109
-0.01485215	-0.02718550
-0.02603423	-0.03038377
-0.03917415	-0.04157782
-0.05305617	-0.05063963
-0.06672136	-0.05970150
-0.07967940	-0.07142860
-0.09157413	-0.08582091
-0.10182445	-0.10181236
-0.10971351	-0.11673772
-0.11474432	-0.12100214
-0.11688489	-0.12526655
-0.11657144	-0.12686568
-0.11454268	-0.12313432
-0.11161888	-0.11567163
-0.10851018	-0.11460555
-0.10569708	-0.10714287
-0.10339777	-0.10341150
-0.10160704	-0.09701490
-0.10017949	-0.09221750
-0.09892610	-0.08688700
-0.09769440	-0.08848614
-0.09641565	-0.08848614
-0.09511574	-0.08901918
-0.09389548	-0.08688700
-0.09289353	-0.08368868
