0.00095491	0.00000000
0.03180574	0.02746606
0.07181974	0.07737744
0.10475905	0.10189009
0.12384643	0.12020087
0.14265375	0.14235091
0.15450354	0.15888953
0.15823631	0.15062022
0.15669008	0.15121090
0.15313174	0.15505016
0.15045111	0.15268755
0.15032582	0.14678085
0.15414368	0.14973426
0.16484229	0.16361487
0.18692876	0.18517423
0.22231083	0.21884227
0.26519758	0.26845837
0.30304489	0.30271709
0.32397810	0.32014179
0.32388157	0.32339048
0.30742028	0.30537510
0.28250307	0.27170706
0.25447127	0.25280571
0.22521582	0.22002363
0.19572546	0.19196689
0.16868640	0.16981685
0.14829491	0.15298283
0.13693669	0.13408148
0.13321309	0.13112819
0.13365109	0.13290012
0.13504882	0.14028347
0.13546108	0.13880682
0.13425477	0.13673949
0.13195056	0.13496757
0.13023095	0.13378620
0.13190751	0.13762558
0.13905759	0.14264619
0.14975102	0.15564084
0.15938284	0.16715884
0.16481900	0.17454219
0.16666010	0.17217958
0.16672696	0.17424691
0.16558948	0.16715884
0.16321740	0.16922617
0.16055913	0.16095686
0.15922067	0.15977550
0.15968798	0.15829885
0.16061236	0.15770817
0.16023912	0.14973426
0.15835141	0.15505016
0.15645431	0.15918493
0.15630619	0.16125226
0.15875921	0.16361487
0.16373874	0.16774952
0.17074476	0.16774952
0.17924206	0.16715884
0.18880510	0.17158890
0.19911633	0.18428826
0.20991902	0.19344354
0.22097053	0.20909631
0.23201326	0.23242760
0.24276479	0.25959837
0.25292814	0.26875365
0.26222348	0.27879500
0.27043357	0.28440642
0.27745065	0.28647375
0.28330401	0.28027165
0.28815278	0.28056705
0.29223844	0.27731836
0.29581234	0.28352034
0.29906449	0.28735971
0.30208206	0.30035436
0.30484548	0.31453037
0.30726150	0.32782042
0.30921379	0.32575309
0.31061208	0.32427645
0.31142721	0.31571174
0.31170160	0.31039572
0.31153730	0.31157708
0.31106004	0.31630242
0.31036887	0.31777906
0.30947700	0.31128180
0.30825582	0.30655646
0.30639794	0.30124044
0.30341673	0.30330777
0.29870906	0.30626106
0.29169944	0.30064976
0.28205907	0.29119909
0.26994017	0.27997637
0.25611585	0.25487304
0.24189313	0.23301828
0.22866623	0.22474897
0.21711154	0.21086824
0.20659025	0.19580626
0.19589256	0.19285297
0.18515469	0.18517423
0.17637791	0.18074429
0.17161550	0.17720020
0.17132430	0.17808628
0.17437078	0.17631423
0.17897920	0.17838156
0.18364741	0.18103957
0.18759178	0.18665087
0.19072779	0.19137621
0.19338174	0.19521558
0.19592811	0.19728291
0.19848247	0.19698763
0.20073344	0.19669223
0.20200153	0.19462490
0.20157246	0.19078565
0.19915389	0.18606019
0.19507183	0.18487895
0.18996401	0.18251622
0.18424107	0.17690492
0.17786600	0.17365623
0.17068873	0.17277026
0.16308323	0.16568220
0.15623482	0.16213822
0.15116863	0.15888953
0.14627934	0.15002954
0.13717231	0.13260484
0.12388718	0.12197280
0.10969542	0.10159481
0.09481098	0.08239806
0.08051910	0.06851745
0.06802087	0.06024814
0.05729555	0.04961610
0.04793718	0.04518604
0.03958651	0.03780270
0.03201234	0.02953339
0.02510850	0.02421737
0.01885669	0.02215004
0.01328010	0.01919675
0.00840891	0.01742470
0.00425987	0.01476669
0.00082849	0.00826931
-0.00190918	-0.00147665
-0.00398856	-0.00826937
-0.00544318	-0.01151800
-0.00628909	-0.01240402
-0.00650836	-0.00856465
-0.00603504	-0.00561136
-0.00474313	-0.00354403
-0.00244428	-0.00502068
0.00109481	-0.00443000
0.00609331	-0.00177199
0.01263815	0.00383937
0.02052330	0.01594806
0.02912633	0.03780270
0.03744756	0.05316007
0.04436649	0.05640876
0.04902330	0.06024814
0.05113655	0.05877137
0.05111346	0.05050206
0.04990917	0.03248668
0.04867591	0.03337276
0.04834336	0.02421737
0.04933250	0.02598941
0.05152380	0.03603077
0.05444458	0.05906677
0.05753717	0.06763148
0.06037588	0.08357942
0.06277306	0.08860016
0.06477597	0.08594215
0.06659111	0.08239806
0.06847633	0.07974005
0.07063858	0.07767272
0.07316913	0.07649148
0.07602291	0.07590079
0.07903513	0.07560539
0.08196133	0.07885408
0.08452675	0.07767272
0.08647694	0.07767272
0.08762345	0.07914948
0.08787879	0.08062613
0.08727331	0.08505607
0.08595157	0.09184873
0.08414660	0.09509742
0.08213633	0.09480214
0.08019146	0.09391618
0.07852574	0.08889544
0.07725778	0.08476079
0.07639328	0.08121681
0.07582824	0.07885408
0.07537505	0.07796812
0.07480244	0.07471943
0.07388303	0.07176614
0.07243736	0.06940341
0.07036717	0.06851745
0.06767008	0.06615472
0.06443579	0.06497347
0.06082766	0.06526875
0.05705425	0.06526875
0.05334249	0.06202006
0.04991508	0.05729473
0.04697508	0.05345535
0.04469678	0.04902542
0.04321887	0.04548144
0.04263571	0.04370940
0.04298687	0.04252803
0.04424495	0.04430008
0.04630838	0.04400468
0.04900077	0.04548144
0.05208050	0.04636741
0.05525848	0.05375075
0.05821751	0.05906677
0.06063090	0.06615472
0.06217743	0.07147074
0.06255776	0.07442415
0.06151700	0.06999409
0.05887932	0.05847609
0.05458985	0.04932070
0.04874721	0.04164207
0.04160188	0.03662133
0.03349964	0.02510333
0.02478489	0.01919675
0.01573873	0.00620198
0.00662637	-0.00797403
-0.00216912	-0.02037805
-0.01006570	-0.02274072
-0.01637269	-0.02392203
-0.02052206	-0.02067333
-0.02229525	-0.01772004
-0.02191585	-0.01683402
-0.01997636	-0.01388067
-0.01724931	-0.01122266
-0.01446940	-0.01063204
-0.01216368	-0.01358533
-0.01057713	-0.01801538
-0.00969854	-0.02362669
-0.00936271	-0.02392203
-0.00936733	-0.02067333
-0.00954272	-0.01417601
-0.00973524	-0.00649732
-0.00973627	-0.00059068
-0.00929907	0.00118136
-0.00841489	-0.00206733
-0.00773296	-0.00472534
-0.00856916	-0.00738335
-0.01215711	-0.00974602
-0.01869890	-0.01388067
