0.00123304	0.00000000
0.00475773	0.00039124
-0.00453095	0.00469482
-0.00506754	-0.00978088
-0.00525249	-0.01017213
-0.00707815	-0.01095462
-0.01019414	-0.01212835
-0.01377658	-0.01447576
-0.01823570	-0.01838809
-0.02365853	-0.02816904
-0.02990971	-0.03169012
-0.03656007	-0.03912365
-0.04262687	-0.04381847
-0.04635559	-0.04303598
-0.04567282	-0.04186231
-0.03945802	-0.04107982
-0.02851827	-0.03364635
-0.01526193	-0.01838809
-0.00257255	-0.00586855
0.00719239	0.00469482
0.01275753	0.01212835
0.01408224	0.01799691
0.01217203	0.01095462
0.00859530	0.00469482
0.00485225	0.00234747
0.00190436	0.00039124
0.00008932	-0.00273865
-0.00066994	-0.00117373
-0.00060387	0.00312984
0.00007348	0.00469482
0.00122690	0.00665104
0.00279737	0.00704229
0.00477438	0.00743353
0.00716646	0.00430357
0.00998143	0.00234747
0.01321641	0.00547731
0.01686180	0.01525819
0.02091560	0.02621281
0.02541791	0.02973402
0.03050798	0.03521132
0.03650682	0.03951490
0.04395466	0.03912365
0.05334317	0.03912365
0.06436533	0.06338024
0.07557721	0.07746482
0.08443259	0.08920193
0.08764659	0.09272301
0.08360809	0.09272301
0.07317566	0.07472610
0.05837547	0.06025040
0.04124151	0.03560245
0.02302811	0.02034426
0.00416600	0.00273860
-0.01483775	-0.02151799
-0.03252795	-0.04147106
-0.04672846	-0.04812205
-0.05574467	-0.05672926
-0.05927517	-0.06103289
-0.05825815	-0.05633801
-0.05414487	-0.04890454
-0.04829550	-0.04420972
-0.04169690	-0.03951484
-0.03493115	-0.03325510
-0.02830046	-0.02151799
-0.02203013	-0.01447576
-0.01646101	-0.01056337
-0.01210180	-0.00938970
-0.00946097	-0.01017213
-0.00877683	-0.01799685
-0.00988892	-0.02151799
-0.01232745	-0.02230048
-0.01548475	-0.01917058
-0.01874295	-0.01721442
-0.02155255	-0.01799685
-0.02350105	-0.02034432
-0.02437314	-0.02386540
-0.02417087	-0.02621281
-0.02308001	-0.02425665
-0.02140571	-0.01956183
-0.01951603	-0.02112675
-0.01780515	-0.01643193
-0.01667090	-0.01330203
-0.01649166	-0.01838809
-0.01760284	-0.03129888
-0.02027605	-0.03482002
-0.02470918	-0.04225349
-0.03102591	-0.04968703
-0.03927259	-0.05242568
-0.04939179	-0.04733962
-0.06115242	-0.04812205
-0.07404034	-0.05320811
-0.08720104	-0.07003129
-0.09963107	-0.08607197
-0.11072613	-0.10211265
-0.12078102	-0.12050080
-0.13071160	-0.13732392
-0.14107317	-0.14710486
-0.15142189	-0.15610331
-0.16058360	-0.16705793
-0.16737081	-0.17840374
-0.17113252	-0.18661970
-0.17190734	-0.18622845
-0.17022066	-0.18388104
-0.16672727	-0.17644757
-0.16195612	-0.16197181
-0.15626465	-0.14788735
-0.14992483	-0.13302034
-0.14322884	-0.12793428
-0.13654365	-0.12519562
-0.13029684	-0.12245697
-0.12491761	-0.11854458
-0.12076794	-0.12010956
-0.11810261	-0.11737090
-0.11706147	-0.11580592
-0.11768515	-0.11697966
-0.11993049	-0.12363070
-0.12367131	-0.12989044
-0.12868623	-0.13184661
-0.13464792	-0.13419408
-0.14115556	-0.13536775
-0.14781982	-0.13615024
-0.15435512	-0.13771516
-0.16060640	-0.14984351
-0.16650738	-0.16627544
-0.17201987	-0.18270737
-0.17708465	-0.19405323
-0.18158917	-0.20187795
-0.18536912	-0.20305163
-0.18827720	-0.19757432
-0.19034274	-0.19327074
-0.19193406	-0.19014084
-0.19366749	-0.19014084
-0.19605376	-0.18740219
-0.19938652	-0.18935835
-0.20397514	-0.19287950
-0.21027069	-0.19679189
-0.21876356	-0.20539904
-0.22981244	-0.22769952
-0.24356012	-0.25000000
-0.25996479	-0.27151799
-0.27888080	-0.29186231
-0.30019888	-0.30946791
-0.32374832	-0.33372456
-0.34821087	-0.35915494
-0.37019387	-0.38302034
-0.38594970	-0.40297341
-0.39389583	-0.41431928
-0.39503488	-0.40571207
-0.39190033	-0.39358371
-0.38729498	-0.37949920
-0.38328284	-0.37519562
-0.38076895	-0.37676054
-0.37973496	-0.37597811
-0.37969759	-0.37402189
-0.38004914	-0.37597811
-0.38040861	-0.37441313
-0.38087067	-0.37754303
-0.38178006	-0.38693273
-0.38338497	-0.39671361
-0.38571349	-0.40414709
-0.38858816	-0.40923315
-0.39167970	-0.40649450
-0.39457220	-0.39749610
-0.39683285	-0.38771516
-0.39809114	-0.37989044
-0.39812800	-0.37910795
-0.39695567	-0.38341159
-0.39485329	-0.39045382
-0.39230445	-0.39632237
-0.38983437	-0.39984351
-0.38781884	-0.39436620
-0.38636109	-0.38849765
-0.38528159	-0.38262910
-0.38424683	-0.38184661
-0.38302323	-0.37871677
-0.38169315	-0.37989044
-0.38062888	-0.38145542
-0.38025519	-0.38067293
-0.38081861	-0.37754303
-0.38229254	-0.38184661
-0.38439894	-0.38654149
-0.38668850	-0.38888890
-0.38862589	-0.39319247
-0.38966551	-0.39788735
-0.38931146	-0.39827853
-0.38717136	-0.39632237
-0.38301015	-0.39162755
-0.37680590	-0.38145542
-0.36879632	-0.36893582
-0.35948941	-0.35367763
-0.34960467	-0.33607197
-0.33993405	-0.31690139
-0.33115944	-0.30516434
-0.32371071	-0.29655713
-0.31772038	-0.29303598
-0.31307241	-0.29538339
-0.30949619	-0.30399060
-0.30665544	-0.31338030
-0.30421469	-0.31651020
-0.30187908	-0.31611896
-0.29941902	-0.31416273
-0.29668134	-0.30672926
-0.29359493	-0.28990608
-0.29017279	-0.27777779
-0.28650880	-0.27269173
-0.28276768	-0.26173711
-0.27916211	-0.25665104
-0.27591839	-0.25821596
-0.27323538	-0.26173711
-0.27125034	-0.25978088
-0.27001831	-0.26408452
-0.26951328	-0.27034432
-0.26964492	-0.27347416
-0.27028492	-0.27425665
-0.27129355	-0.27816904
-0.27254108	-0.28208137
-0.27392426	-0.27895147
-0.27537927	-0.27660406
-0.27689281	-0.27308297
-0.27850816	-0.26760566
-0.28031847	-0.26760566
-0.28244439	-0.27112675
-0.28499383	-0.28012520
-0.28801569	-0.29029733
-0.29146403	-0.30164319
-0.29518643	-0.30555558
-0.29894218	-0.30907667
-0.30244151	-0.30985916
-0.30539188	-0.31181532
-0.30753550	-0.30907667
-0.30867636	-0.30790299
-0.30870166	-0.30712050
-0.30760613	-0.30594677
-0.30551869	-0.30359936
-0.30272284	-0.29890454
-0.29967061	-0.29420972
-0.29699203	-0.29147106
-0.29549745	-0.29342723
-0.29612610	-0.29812205
-0.29979244	-0.31025040
-0.30711663	-0.32120502
