-0.00007126	0.00000000
0.01479262	0.01285803
0.03351958	0.03039157
0.04255091	0.04266512
0.04956065	0.04734075
0.05115001	0.05084741
0.05157508	0.04909408
0.05294682	0.05026305
0.05520408	0.05493867
0.05764149	0.05902982
0.05983861	0.06078315
0.06177415	0.06312096
0.06370766	0.05961430
0.06606270	0.06195211
0.06929310	0.06136763
0.07358105	0.06604326
0.07846634	0.07188773
0.08284004	0.08240795
0.08547612	0.08299243
0.08571436	0.08825243
0.08379845	0.08591461
0.08071192	0.08591461
0.07770014	0.08007014
0.07579005	0.07773232
0.07551916	0.07539451
0.07690713	0.07364118
0.07958120	0.07481003
0.08293726	0.08007014
0.08624440	0.08942139
0.08869362	0.09468150
0.08950461	0.09701931
0.08822648	0.09409702
0.08516668	0.08591461
0.08160903	0.08123899
0.07946695	0.08123899
0.08042126	0.08065462
0.08503734	0.08533025
0.09240284	0.09818816
0.10047648	0.10052598
0.10696021	0.10520160
0.11029220	0.11104620
0.11033523	0.11338401
0.10845642	0.10637057
0.10691486	0.10637057
0.10776225	0.10695505
0.11182636	0.11221504
0.11841020	0.11805964
0.12582217	0.12916422
0.13224898	0.13500881
0.13635363	0.13851547
0.13730104	0.13617766
0.13443612	0.12741089
0.12712754	0.11864412
0.11525165	0.10870838
0.10029700	0.09000587
0.08569567	0.07890117
0.07461582	0.07305670
0.06773278	0.06838107
0.06445791	0.06487429
0.06440896	0.07130337
0.06726220	0.07597899
0.07244210	0.07948565
0.07914439	0.07948565
0.08652939	0.08182347
0.09388144	0.08182347
0.10064811	0.09117472
0.10642414	0.09877264
0.11095977	0.10812390
0.11417384	0.11396849
0.11612287	0.12098193
0.11693060	0.11689067
0.11671416	0.11864412
0.11553253	0.12039745
0.11336459	0.11805964
0.11010867	0.11279953
0.10559408	0.10929286
0.09960198	0.09643483
0.09189405	0.08416128
0.08225249	0.07422554
0.07054099	0.06312096
0.05678616	0.05026305
0.04127920	0.03448272
0.02467773	0.01987147
0.00807201	0.00526011
-0.00705029	-0.00759792
-0.01902370	-0.01461136
-0.02647911	-0.01578027
-0.02898828	-0.01870251
-0.02750331	-0.02162480
-0.02410590	-0.01870251
-0.02106577	-0.02162480
-0.01988943	-0.01987141
-0.02098442	-0.02337813
-0.02393015	-0.02396262
-0.02798055	-0.03272939
-0.03248674	-0.03857392
-0.03707685	-0.04383403
-0.04158182	-0.04383403
-0.04582404	-0.04441845
-0.04944585	-0.04208064
-0.05193362	-0.04324955
-0.05285878	-0.04850966
-0.05216119	-0.05143189
-0.05025634	-0.05260080
-0.04791684	-0.05435419
-0.04603347	-0.05435419
-0.04537839	-0.05552310
-0.04644160	-0.06136763
-0.04935513	-0.06604326
-0.05388518	-0.06838107
-0.05947717	-0.06896549
-0.06535263	-0.06721216
-0.07065336	-0.06370544
-0.07459859	-0.06253654
-0.07660463	-0.06136763
-0.07634396	-0.06195205
-0.07375971	-0.06428987
-0.06906228	-0.06312096
-0.06271292	-0.05727643
-0.05536295	-0.05552310
-0.04772067	-0.04266512
-0.04039013	-0.02688485
-0.03379983	-0.01753360
-0.02821794	-0.01578027
-0.02370190	-0.01168907
-0.01997741	-0.01052016
-0.01643973	-0.00759792
-0.01236568	-0.00409120
-0.00722412	0.00175333
-0.00093550	0.00935125
0.00602367	0.00526011
0.01271789	-0.00058448
0.01802765	0.00058448
0.02101191	0.00701344
0.02128475	0.01227355
0.01940187	0.01578021
0.01698771	0.01928699
0.01528141	0.01402688
0.01298003	0.00642896
0.00904285	0.00000000
0.00421085	-0.00058448
-0.00201547	-0.00584453
-0.01021691	-0.00993574
-0.01979910	-0.01811808
-0.02973044	-0.02746934
-0.03910951	-0.04208064
-0.04724631	-0.05260080
-0.05369014	-0.06136763
-0.05828448	-0.07481003
-0.06116831	-0.08065456
-0.06269009	-0.08182347
-0.06328894	-0.08123904
-0.06340463	-0.07597893
-0.06342263	-0.06195205
-0.06363538	-0.05435419
-0.06420982	-0.05026299
-0.06515788	-0.05143189
-0.06632157	-0.05902982
-0.06738545	-0.06779659
-0.06793345	-0.07773232
-0.06755026	-0.07364112
-0.06594376	-0.06604326
-0.06303611	-0.05844533
-0.05896436	-0.05260080
-0.05398697	-0.04324955
-0.04835510	-0.04383403
-0.04223858	-0.04383403
-0.03576440	-0.03915840
-0.02913908	-0.03097606
-0.02275383	-0.02045590
-0.01717584	-0.01227355
-0.01300380	-0.00759792
-0.01065852	-0.00467563
-0.01022401	-0.00467563
-0.01143227	-0.00876683
-0.01378395	-0.01110464
-0.01672483	-0.01285797
-0.01978852	-0.01578027
-0.02266476	-0.02104032
-0.02520302	-0.02513152
-0.02737648	-0.02980715
-0.02923656	-0.03623611
-0.03087216	-0.03915840
-0.03238020	-0.03798950
-0.03384805	-0.03565168
-0.03534550	-0.03857392
-0.03692161	-0.03272939
-0.03860429	-0.02688485
-0.04040276	-0.02805376
-0.04231020	-0.03506720
-0.04430611	-0.03565168
-0.04636011	-0.04091173
-0.04843599	-0.05084747
-0.05049460	-0.05143189
-0.05249821	-0.05435419
-0.05441257	-0.05318528
-0.05620977	-0.05435419
-0.05787084	-0.05376971
-0.05938591	-0.05493861
-0.06075671	-0.05552310
-0.06199549	-0.05961424
-0.06312586	-0.06136763
-0.06418185	-0.06195205
-0.06520671	-0.06370544
-0.06625109	-0.06312096
-0.06737164	-0.06312096
-0.06862837	-0.06136763
-0.07008293	-0.06078315
-0.07179746	-0.06136763
-0.07383291	-0.06428987
-0.07624903	-0.06487435
-0.07910241	-0.06721216
-0.08244558	-0.07013440
-0.08632398	-0.07656342
-0.09077069	-0.07948565
-0.09579843	-0.08825248
-0.10138978	-0.09935713
-0.10748614	-0.10987729
-0.11398031	-0.11572182
-0.12071329	-0.12390417
-0.12748192	-0.13033313
-0.13405435	-0.13383985
-0.14019145	-0.13734657
-0.14566894	-0.14436001
-0.15029384	-0.15078902
-0.15391351	-0.15663356
-0.15641747	-0.15897137
-0.15773769	-0.16014028
-0.15784697	-0.15780246
-0.15676178	-0.15137345
-0.15454592	-0.14319110
-0.15131290	-0.14026886
-0.14722429	-0.13617766
-0.14248000	-0.13208652
-0.13729902	-0.12682641
-0.13189448	-0.12098187
-0.12645061	-0.11455292
-0.12110880	-0.10870838
-0.11597060	-0.10227937
-0.11111168	-0.10344827
-0.10660172	-0.10753947
