0.00103401	0.00000000
-0.00427560	-0.00671327
-0.01578571	-0.01510489
-0.01288418	-0.01734269
-0.00717954	-0.00587410
0.00991260	0.01258743
0.02393390	0.02069926
0.03018390	0.02573431
0.03178819	0.03356647
0.03469969	0.03328669
0.04244728	0.03244758
0.05476926	0.04699302
0.06905968	0.06489515
0.08197887	0.08699298
0.09055562	0.09146857
0.09317534	0.09174824
0.09012437	0.08447552
0.08314891	0.08083916
0.07433596	0.06881118
0.06525694	0.06937063
0.05682348	0.06321681
0.04962315	0.05258739
0.04431036	0.04223776
0.04175618	0.03692305
0.04292141	0.03328669
0.04857922	0.04223776
0.05902243	0.06041956
0.07385267	0.07664335
0.09190743	0.09706295
0.11139258	0.11636364
0.13028194	0.13146853
0.14687817	0.14433563
0.16010101	0.16447556
0.16912372	0.17258739
0.17299952	0.17146850
0.17165114	0.17594409
0.16761374	0.17510486
0.16545869	0.16027975
0.16824670	0.15944052
0.17457120	0.16699302
0.17934521	0.16727269
0.17778100	0.16867137
0.16942923	0.17762232
0.16109464	0.17230773
0.16555172	0.17958045
0.19020937	0.20671332
0.22915058	0.23356640
0.26814145	0.26573431
0.29540902	0.29230773
0.30804932	0.31020975
0.30954406	0.30517483
0.30518818	0.30769229
0.30014810	0.30433571
0.29891422	0.30825174
0.30441019	0.31300700
0.31544206	0.32363641
0.32516149	0.32000005
0.32754195	0.31664336
0.32514620	0.32699299
0.32566738	0.33370626
0.33536923	0.34097898
0.35663325	0.36923075
0.38678330	0.40167832
0.41870618	0.42405593
0.44426352	0.44419575
0.45850256	0.46153843
0.46158847	0.46713293
0.45741183	0.46153843
0.45073286	0.45454550
0.44516119	0.45174825
0.44260290	0.44755244
0.44366243	0.44755244
0.44831252	0.44895101
0.45638064	0.46013987
0.46780747	0.46993005
0.48310143	0.49510491
0.50434715	0.52307689
0.53374910	0.55524480
0.56575954	0.57342660
0.58601093	0.58461535
0.58437657	0.57762241
0.56348723	0.54825175
0.53432578	0.53286707
0.50715691	0.49930072
0.48563373	0.48251748
0.46586886	0.45734262
0.44345632	0.44083917
0.42001203	0.40895104
0.40025222	0.39776218
0.38651392	0.37538457
0.37710857	0.37314689
0.36713108	0.35916078
0.35200563	0.34545457
0.33372292	0.33090913
0.31816638	0.31664336
0.30843318	0.29958045
0.30409032	0.29286718
0.30291715	0.29818177
0.30264515	0.30517483
0.30197164	0.30041957
0.30076072	0.30013990
0.29973865	0.30657339
0.30000618	0.30517483
0.30258295	0.30377626
0.30810010	0.31888115
0.31665760	0.32251751
0.32780141	0.32727277
0.34055081	0.33510494
0.35345006	0.34629369
0.36471948	0.36559439
0.37259683	0.38573432
0.37583825	0.38993013
0.37419829	0.38685310
0.36866236	0.37538457
0.36126134	0.35132873
0.35430700	0.34013987
0.34907427	0.34097898
0.34469795	0.34909093
0.33880889	0.34489512
0.32989195	0.33790207
0.31818959	0.31272733
0.30322886	0.29314685
0.28139928	0.25874126
0.25084653	0.23832166
0.21949084	0.21594405
0.19618256	0.20195806
0.18214153	0.18069935
0.17483105	0.17706299
0.17161073	0.17538464
0.17064507	0.17342663
0.17069541	0.16755247
0.17078541	0.16783214
0.17010315	0.16279721
0.16822930	0.16055942
0.16536604	0.15999997
0.16195796	0.16475523
0.15800983	0.16699302
0.15305243	0.15692306
0.14663421	0.13986015
0.13867034	0.12783217
0.12949489	0.11888111
0.11973439	0.11356640
0.11012696	0.11132872
0.10135427	0.10377622
0.09392735	0.09258747
0.08813091	0.08755243
0.08402030	0.08139861
0.08145298	0.08027971
0.08013617	0.08391607
0.07967578	0.08783221
0.07961704	0.07496500
0.07947323	0.06433570
0.07875635	0.06349647
0.07705462	0.07188809
0.07427029	0.08335662
0.07110348	0.09706295
0.06936584	0.09958041
0.07104574	0.09202802
0.07661583	0.08279717
0.08491406	0.08111882
0.09447108	0.08083916
0.10439491	0.08783221
0.11434449	0.10993004
0.12420043	0.13286710
0.13386104	0.14293706
0.14321883	0.15384614
0.15222333	0.17174828
0.16093156	0.17706299
0.16947301	0.18377626
0.17791502	0.19356644
0.18609159	0.20195806
0.19349732	0.20391607
0.19931860	0.20559442
0.20260926	0.20055950
0.20256890	0.19272733
0.19887652	0.19104898
0.19203998	0.18489516
0.18376842	0.18405592
0.17726107	0.18909097
0.17635590	0.19552445
0.18124446	0.18825173
0.18459474	0.18069935
0.17828242	0.16447556
0.16249394	0.14601398
0.14361174	0.13090909
0.12718016	0.11916089
0.11542691	0.11300695
0.10806338	0.11104894
0.10393350	0.10797203
0.10239318	0.09958041
0.10318510	0.09902096
0.10553417	0.09538460
0.10806814	0.09034967
0.10946055	0.08811188
0.10892493	0.09286714
0.10638845	0.09538460
0.10244872	0.10209787
0.09815699	0.09902096
0.09469727	0.09006989
0.09306772	0.08699298
0.09385695	0.08279717
0.09715769	0.08055949
0.10261112	0.09230769
0.10954040	0.10517478
0.11712541	0.11944056
0.12457023	0.13454545
0.13123304	0.14517486
0.13669908	0.15020978
0.14079504	0.15664339
0.14355375	0.15244758
0.14514893	0.15272725
0.14582233	0.15356648
0.14582399	0.15216780
0.14537658	0.15048957
0.14466038	0.14293706
0.14381431	0.13454545
0.14294396	0.12951052
0.14212976	0.13034964
0.14143367	0.13314688
0.14090402	0.14713287
0.14057957	0.16027975
0.14049105	0.16615379
0.14066677	0.17090905
0.14113572	0.16923082
0.14193301	0.15888107
0.14310129	0.14937067
0.14469025	0.14153850
0.14675146	0.13510489
0.14933112	0.14041960
0.15246205	0.14965034
0.15615436	0.16111887
0.16039138	0.17342663
0.16512582	0.18461537
0.17028080	0.19048953
0.17575282	0.19524479
0.18141674	0.19720280
0.18713270	0.20055950
0.19275369	0.19664335
0.19813308	0.19104898
0.20313278	0.19580424
0.20763028	0.20895100
