0.00129043	0.00000000
0.01073381	0.00761175
0.01216440	0.01427209
0.02239283	0.01998103
0.02981217	0.02664125
0.03565638	0.03615606
0.04117320	0.04091346
0.04282941	0.04186487
0.04144694	0.03901052
0.04164378	0.03710747
0.04757975	0.04186487
0.06094034	0.05042815
0.08099394	0.07992387
0.10450698	0.11132252
0.12658097	0.13415790
0.14309429	0.14272118
0.15215291	0.15033305
0.15364037	0.14557564
0.14870961	0.14081824
0.13964574	0.13701236
0.12924667	0.13320649
0.11988927	0.12559462
0.11312260	0.11798286
0.10984425	0.11132252
0.11071627	0.11322546
0.11681844	0.12559462
0.13060404	0.14081824
0.15653206	0.16460514
0.19979499	0.22264504
0.26154515	0.28829682
0.33207861	0.34728825
0.39256257	0.40627968
0.42867848	0.43862987
0.43891758	0.43958139
0.43010607	0.41389155
0.40980884	0.40437675
0.38783625	0.38344431
0.37781665	0.37488103
0.38168898	0.37012374
0.38931742	0.38915324
0.39591670	0.39391053
0.40303013	0.40152240
0.41304103	0.41960037
0.42669803	0.42150331
0.44277123	0.43101811
0.45840621	0.44338727
0.46975315	0.46622264
0.47289181	0.48144627
0.46490684	0.48334920
0.44474238	0.45195055
0.41349515	0.40247381
0.37408039	0.35585153
0.33052084	0.30352044
0.28720665	0.26070404
0.24829288	0.23596573
0.21723177	0.21883917
0.19638221	0.19980967
0.18653937	0.19124639
0.18651204	0.20076120
0.19362958	0.19885826
0.20519994	0.21217883
0.21930347	0.22835398
0.23455836	0.23691726
0.24983610	0.23691726
0.26425603	0.25309229
0.27723423	0.27592766
0.28845611	0.29400575
0.29778740	0.30827785
0.30517110	0.32064700
0.31054619	0.33491910
0.31382439	0.32825875
0.31492561	0.31779253
0.31383321	0.31113231
0.31061769	0.30256903
0.30542120	0.28829682
0.29843923	0.27687919
0.28992406	0.26546144
0.28020692	0.26926732
0.26967868	0.28068507
0.25860551	0.27592766
0.24661876	0.26451004
0.23188899	0.23215985
0.21056895	0.19505239
0.17818673	0.14652717
0.13710912	0.11512840
0.10502557	0.09609890
0.09017037	0.09419596
0.08659752	0.08277833
0.08760478	0.08087540
0.08736898	0.07897246
0.08202599	0.07897246
0.06876226	0.05328262
0.04599081	0.03330159
0.01631020	0.01141775
-0.01144372	-0.00951475
-0.02814226	-0.03805900
-0.03072916	-0.02473837
-0.02087705	-0.00666034
-0.00238029	0.01141775
0.02023731	0.02473831
0.04289500	0.04757369
0.06287000	0.06850624
0.07915255	0.08087540
0.09224425	0.09800196
0.10358734	0.11512840
0.11476918	0.12749767
0.12654918	0.12749767
0.13791053	0.13225496
0.14587449	0.13415790
0.14705539	0.13415790
0.14041527	0.13320649
0.12853278	0.13035202
0.11578930	0.12464321
0.10562089	0.11703146
0.09966954	0.11322546
0.09848631	0.10656512
0.10180035	0.10466218
0.10797331	0.11037111
0.11403523	0.11607993
0.11706439	0.11417699
0.11563004	0.11417699
0.10999602	0.12178874
0.10143959	0.11037111
0.09156629	0.09419596
0.08192652	0.08277833
0.07382557	0.07421505
0.06820054	0.06565177
0.06551276	0.06850624
0.06565863	0.07611799
0.06794639	0.07992387
0.07119764	0.07992387
0.07399766	0.07611799
0.07502699	0.07326353
0.07335673	0.07040918
0.06858829	0.06755471
0.06079693	0.05899143
0.05031754	0.04757369
0.03746571	0.02283537
0.02230294	0.00190294
0.00453963	-0.01712656
-0.01632200	-0.03196955
-0.04049046	-0.04928637
-0.06705497	-0.07193148
-0.09333952	-0.09952426
-0.11527871	-0.12749761
-0.12876026	-0.13472885
-0.13096844	-0.13872504
-0.12120806	-0.10941958
-0.10120597	-0.07516652
-0.07483934	-0.04148430
-0.04726966	-0.02702188
-0.02364732	-0.01236916
-0.00774295	-0.00761181
-0.00101052	-0.00666034
-0.00251554	-0.00570887
-0.00971328	-0.00570887
-0.01955911	-0.01351094
-0.02936165	-0.02683157
-0.03719021	-0.03729779
-0.04189868	-0.04490960
-0.04282996	-0.04871553
-0.03932033	-0.04567081
-0.03029510	-0.01998097
-0.01452564	0.00475740
0.00794947	0.02664125
0.03436755	0.04662228
0.05978268	0.07231212
0.07934273	0.06945765
0.09046441	0.07040918
0.09357949	0.07897246
0.09133104	0.08563268
0.08711516	0.08943868
0.08369666	0.09705043
0.08227147	0.09990489
0.08242852	0.09514749
0.08288632	0.09324455
0.08229919	0.08087540
0.07970689	0.06565177
0.07467271	0.05994296
0.06727370	0.05613697
0.05803694	0.05042815
0.04783212	0.04662228
0.03771539	0.04567075
0.02873096	0.02949572
0.02171403	0.02283537
0.01715797	0.00951469
0.01518424	0.00761175
0.01559977	0.01046622
0.01799467	0.02283537
0.02182946	0.02854419
0.02650061	0.03901052
0.03137816	0.04662228
0.03583251	0.05042815
0.03928472	0.04947674
0.04134247	0.04471934
0.04205902	0.04852521
0.04221992	0.04757369
0.04329354	0.05042815
0.04678306	0.05137968
0.05347222	0.06279731
0.06326355	0.07611799
0.07538392	0.09229302
0.08846918	0.10561371
0.10059939	0.12178874
0.10958084	0.12464321
0.11348837	0.11037111
0.11117369	0.09990489
0.10244630	0.09039009
0.08790061	0.07421505
0.06861569	0.05803990
0.04595166	0.04471934
0.02149138	0.02283537
-0.00297731	-0.00323504
-0.02558714	-0.02930540
-0.04467688	-0.05366319
-0.05913065	-0.07440531
-0.06860014	-0.08449095
-0.07350832	-0.08829683
-0.07486186	-0.08468127
-0.07396169	-0.07706946
-0.07210312	-0.06108469
-0.07032820	-0.05195051
-0.06927115	-0.05061847
-0.06911813	-0.05309230
-0.06967480	-0.05937201
-0.07050976	-0.07212180
-0.07111458	-0.08258802
-0.07103341	-0.08220744
-0.06993923	-0.07802093
-0.06766405	-0.07002854
-0.06419966	-0.05727875
-0.05968154	-0.04681253
-0.05436089	-0.04338723
-0.04856413	-0.03882015
-0.04264583	-0.02568984
-0.03694179	-0.02188390
-0.03173196	-0.01902950
-0.02722334	-0.02112275
-0.02355173	-0.01826829
-0.02079800	-0.02397716
-0.01900740	-0.02683157
