0.00062207	0.00000000
0.00906563	0.00971961
0.01682614	0.01158881
0.01112156	0.00934577
0.01034703	0.01271021
0.01822771	0.01757014
0.02926441	0.02766347
0.03935845	0.03514016
0.04655485	0.04485977
0.05029191	0.04897201
0.05093537	0.04897201
0.04953739	0.04485977
0.04732449	0.04448593
0.04495800	0.04485977
0.04199834	0.04186916
0.03713319	0.03551400
0.02943017	0.02467287
0.01987125	0.01794386
0.01153071	0.01158881
0.00787002	0.00598133
0.01078896	0.00934577
0.01990511	0.02168214
0.03289560	0.03364491
0.04627155	0.04411209
0.05639713	0.05607474
0.06075291	0.06018698
0.05902437	0.05906534
0.05323070	0.05495334
0.04675313	0.04934585
0.04308376	0.04336452
0.04492655	0.04074764
0.05348153	0.05644858
0.06764805	0.07065415
0.08362193	0.08934581
0.09600259	0.09757006
0.10067809	0.10317755
0.09710939	0.09121490
0.08731997	0.07887852
0.07345910	0.06242990
0.05721309	0.05495334
0.04054960	0.04112148
0.02587111	0.02915883
0.01512970	0.01981306
0.00886442	0.01196265
0.00610955	0.00560749
0.00511475	0.00710273
0.00424507	0.00560749
0.00258294	-0.00336444
0.00006385	-0.00299060
-0.00279520	-0.00224304
-0.00534543	-0.00635517
-0.00714163	-0.00672895
-0.00801140	-0.00299060
-0.00792254	-0.00598133
-0.00685796	-0.01233637
-0.00481854	-0.01121497
-0.00189033	-0.01046723
0.00173663	-0.00448602
0.00581776	0.00224304
0.01011971	0.01233637
0.01445507	0.01906550
0.01867977	0.02654207
0.02266616	0.02915883
0.02627073	0.03102803
0.02931981	0.03252339
0.03163177	0.03514016
0.03306907	0.03252339
0.03359257	0.03102803
0.03327461	0.02728963
0.03226836	0.02504683
0.03075673	0.02205610
0.02890887	0.02280378
0.02685641	0.02953267
0.02468731	0.02878511
0.02244927	0.02205610
0.02015813	0.01495326
0.01780601	0.01121497
0.01536931	0.00186920
0.01281442	0.00635517
0.01010271	0.00971961
0.00719275	0.01233637
0.00404258	0.01158881
0.00060813	0.01196265
-0.00315977	0.00186920
-0.00732140	-0.00224304
-0.01195533	-0.00224304
-0.01716523	-0.00747663
-0.02307619	-0.01831776
-0.02980561	-0.02691591
-0.03739215	-0.03775704
-0.04571052	-0.04897201
-0.05450056	-0.06093460
-0.06362380	-0.07289720
-0.07327105	-0.08523363
-0.08366345	-0.09158880
-0.09455311	-0.10355139
-0.10519031	-0.11887854
-0.11466117	-0.12261683
-0.12220086	-0.12785047
-0.12734631	-0.13644862
-0.12994893	-0.13719624
-0.13010891	-0.12336451
-0.12809056	-0.11626172
-0.12425254	-0.10616821
-0.11899945	-0.09943926
-0.11274944	-0.09757012
-0.10590709	-0.10130841
-0.09883556	-0.10504675
-0.09183003	-0.10654205
-0.08509976	-0.10579443
-0.07876580	-0.10056072
-0.07287687	-0.09607476
-0.06743749	-0.08859813
-0.06243592	-0.06429905
-0.05786421	-0.04635513
-0.05372550	-0.04037380
-0.05003409	-0.02355134
-0.04681183	-0.01383179
-0.04408620	-0.02654207
-0.04188992	-0.03663546
-0.04026037	-0.03177571
-0.03923735	-0.04000002
-0.03885743	-0.04897201
-0.03914721	-0.05682242
-0.04011598	-0.05570090
-0.04175097	-0.05420560
-0.04401542	-0.05233645
-0.04685043	-0.05009341
-0.05017911	-0.04598135
-0.05391429	-0.04934579
-0.05796562	-0.06093460
-0.06224680	-0.06355143
-0.06668299	-0.06317753
-0.07121505	-0.06355143
-0.07580297	-0.06467289
-0.08042701	-0.06803739
-0.08508762	-0.08635515
-0.08980457	-0.09943926
-0.09461647	-0.10504675
-0.09957980	-0.10915887
-0.10476940	-0.10878509
-0.11027793	-0.09644860
-0.11621268	-0.10392523
-0.12268920	-0.12149531
-0.12981565	-0.13158876
-0.13766693	-0.14355135
-0.14624739	-0.16635513
-0.15545036	-0.17383176
-0.16503523	-0.17495328
-0.17465247	-0.18317759
-0.18393180	-0.19252336
-0.19260256	-0.19476640
-0.20056680	-0.19401866
-0.20785537	-0.19401866
-0.21446812	-0.19813085
-0.22016449	-0.20186913
-0.22430389	-0.20710278
-0.22586830	-0.21308410
-0.22379611	-0.22018689
-0.21758635	-0.21981311
-0.20780773	-0.20971966
-0.19607820	-0.19738317
-0.18449287	-0.18504673
-0.17488377	-0.16934580
-0.16828473	-0.16037381
-0.16477610	-0.15700936
-0.16369887	-0.16224295
-0.16404004	-0.16710281
-0.16472428	-0.17308414
-0.16473706	-0.16710281
-0.16324472	-0.16560751
-0.15984395	-0.15476632
-0.15472041	-0.14242995
-0.14845963	-0.13271028
-0.14182641	-0.13121498
-0.13588795	-0.13084114
-0.13197769	-0.12710279
-0.13082659	-0.12747663
-0.13180257	-0.13308412
-0.13354403	-0.13682246
-0.13507463	-0.13682246
-0.13610972	-0.14130843
-0.13667777	-0.14205605
-0.13673893	-0.14280373
-0.13613646	-0.13981307
-0.13475063	-0.13532710
-0.13260594	-0.12934583
-0.12986082	-0.12485981
-0.12674567	-0.11514020
-0.12351169	-0.10579443
-0.12040509	-0.09869158
-0.11765605	-0.09495324
-0.11547069	-0.09420562
-0.11402370	-0.09607476
-0.11345372	-0.10168225
-0.11385777	-0.10878509
-0.11527984	-0.11588782
-0.11768372	-0.12523365
-0.12091073	-0.13009346
-0.12463263	-0.13644862
-0.12833516	-0.14130843
-0.13138735	-0.14317757
-0.13322172	-0.14130843
-0.13355066	-0.13981307
-0.13247973	-0.13271028
-0.13042577	-0.12934583
-0.12790400	-0.12710279
-0.12531452	-0.12336451
-0.12282041	-0.12037385
-0.12032489	-0.12149531
-0.11752328	-0.12000000
-0.11402731	-0.10579443
-0.10958515	-0.09943926
-0.10436392	-0.09457946
-0.09911904	-0.09457946
-0.09512219	-0.09196264
-0.09399912	-0.10130841
-0.09728417	-0.10766357
-0.10525241	-0.11327106
-0.11636035	-0.11663550
-0.12834676	-0.12224299
-0.13943191	-0.13308412
-0.14867176	-0.14242995
-0.15581585	-0.15289718
-0.16104649	-0.16037381
-0.16474704	-0.16897196
-0.16734235	-0.17233646
-0.16920935	-0.17383176
-0.17063732	-0.17308414
-0.17182361	-0.17121494
-0.17288581	-0.16672897
-0.17388237	-0.16411215
-0.17483048	-0.16186917
-0.17572223	-0.16224295
-0.17653562	-0.16523361
-0.17723921	-0.16934580
-0.17779624	-0.17495328
-0.17816241	-0.17981309
-0.17828521	-0.17532706
-0.17810239	-0.17009348
-0.17754227	-0.16336447
