0.00141847	0.00000000
0.00239809	0.00020576
-0.00366704	-0.00082302
-0.00085400	-0.00452673
-0.00710381	-0.01111114
-0.01180975	-0.01481479
-0.01477502	-0.01522636
-0.01676346	-0.01687241
-0.01727317	-0.01790124
-0.01650177	-0.01913577
-0.01508890	-0.01934159
-0.01372920	-0.01893002
-0.01299839	-0.01728398
-0.01317267	-0.01625514
-0.01408209	-0.01460904
-0.01521687	-0.01481479
-0.01610936	-0.01625514
-0.01663635	-0.01769549
-0.01691390	-0.01954734
-0.01702098	-0.01975310
-0.01699979	-0.02037036
-0.01697202	-0.02016461
-0.01709588	-0.02098763
-0.01748194	-0.02139920
-0.01817457	-0.02222222
-0.01916908	-0.02098763
-0.02042617	-0.02098763
-0.02187596	-0.02139920
-0.02341963	-0.02037036
-0.02493258	-0.02222222
-0.02627529	-0.02304524
-0.02731962	-0.02427983
-0.02798565	-0.02572018
-0.02827655	-0.02962965
-0.02829008	-0.02983540
-0.02819802	-0.03127575
-0.02819766	-0.03148150
-0.02845432	-0.03168726
-0.02905522	-0.03148150
-0.02999039	-0.03230453
-0.03116183	-0.03333336
-0.03241698	-0.03230453
-0.03359003	-0.03353912
-0.03454222	-0.03353912
-0.03519027	-0.03436214
-0.03552054	-0.03456789
-0.03558661	-0.03683126
-0.03549492	-0.03724277
-0.03538342	-0.03847736
-0.03539497	-0.03456789
-0.03565358	-0.03497940
-0.03624441	-0.03724277
-0.03720085	-0.03806585
-0.03849998	-0.03868312
-0.04006499	-0.04609054
-0.04177649	-0.04876542
-0.04348847	-0.04794240
-0.04504895	-0.04814816
-0.04632148	-0.04773664
-0.04720449	-0.04567903
-0.04764502	-0.04423869
-0.04764467	-0.04444444
-0.04725765	-0.04506171
-0.04658066	-0.04547328
-0.04573876	-0.04588479
-0.04486976	-0.04588479
-0.04410928	-0.04650205
-0.04357891	-0.04691356
-0.04337777	-0.04835391
-0.04357744	-0.04917693
-0.04421940	-0.04979426
-0.04531372	-0.04938269
-0.04683698	-0.04958850
-0.04872835	-0.05061728
-0.05088013	-0.05102879
-0.05311956	-0.05185187
-0.05518149	-0.05205762
-0.05668113	-0.05246913
-0.05714082	-0.05123454
-0.05617367	-0.05123454
-0.05384567	-0.05061728
-0.05090783	-0.05020577
-0.04853620	-0.05102879
-0.04765637	-0.05246913
-0.04841663	-0.05370373
-0.05033226	-0.05596709
-0.05280279	-0.05843621
-0.05546157	-0.05864197
-0.05823617	-0.06008232
-0.06125523	-0.06213993
-0.06471814	-0.06255144
-0.06876607	-0.06584364
-0.07336515	-0.07098764
-0.07822785	-0.07633746
-0.08282283	-0.08148146
-0.08650257	-0.08621401
-0.08870813	-0.08888888
-0.08915658	-0.09012347
-0.08793295	-0.08786011
-0.08549822	-0.08456790
-0.08267306	-0.08353907
-0.08056043	-0.08189303
-0.08020196	-0.08148146
-0.08193938	-0.08395064
-0.08507591	-0.08580250
-0.08836707	-0.08868313
-0.09083425	-0.09176958
-0.09210155	-0.09320986
-0.09225112	-0.09135801
-0.09158558	-0.08909464
-0.09047027	-0.08683127
-0.08923924	-0.08539093
-0.08813389	-0.08353907
-0.08726859	-0.08395064
-0.08663350	-0.08559668
-0.08613338	-0.08539093
-0.08564539	-0.08436215
-0.08507319	-0.08230454
-0.08438179	-0.08024693
-0.08360799	-0.07942384
-0.08285053	-0.07860082
-0.08224373	-0.07839507
-0.08191513	-0.07942384
-0.08192447	-0.08045268
-0.08219343	-0.08004117
-0.08246247	-0.08004117
-0.08234945	-0.07839507
-0.08154498	-0.07695472
-0.08004116	-0.07592595
-0.07820250	-0.07551438
-0.07660989	-0.07592595
-0.07581398	-0.07777780
-0.07615142	-0.07962960
-0.07766494	-0.08086419
-0.08010431	-0.08251029
-0.08300801	-0.08436215
-0.08587186	-0.08683127
-0.08834276	-0.09012347
-0.09034446	-0.09320986
-0.09212190	-0.09588480
-0.09422353	-0.09753084
-0.09735586	-0.09855968
-0.10205902	-0.10164607
-0.10838300	-0.11111110
-0.11582053	-0.12016463
-0.12351783	-0.12757200
-0.13058576	-0.13477367
-0.13635425	-0.13971192
-0.14051156	-0.14135802
-0.14312355	-0.14300412
-0.14455049	-0.14362139
-0.14530151	-0.14506173
-0.14587355	-0.14547324
-0.14663011	-0.14320987
-0.14774852	-0.14094651
-0.14923422	-0.14279836
-0.15097505	-0.14609051
-0.15280409	-0.15020579
-0.15455016	-0.15432101
-0.15606932	-0.15473253
-0.15725970	-0.15576130
-0.15806344	-0.15514404
-0.15846288	-0.15514404
-0.15847179	-0.15534979
-0.15812650	-0.15946501
-0.15747553	-0.16193414
-0.15657128	-0.16378599
-0.15546335	-0.16234571
-0.15419418	-0.15761316
-0.15279688	-0.15246916
-0.15129761	-0.14588475
-0.14971828	-0.14074075
-0.14808048	-0.13765430
-0.14640938	-0.13744855
-0.14473659	-0.13662553
-0.14309986	-0.13683128
-0.14154230	-0.13580245
-0.14010914	-0.13518518
-0.13884391	-0.13621402
-0.13778441	-0.13683128
-0.13695933	-0.13806581
-0.13638444	-0.13909465
-0.13606161	-0.14115226
-0.13597767	-0.14135802
-0.13610373	-0.14259261
-0.13639779	-0.14423871
-0.13680600	-0.14465022
-0.13726626	-0.14320987
-0.13771151	-0.14238685
-0.13807434	-0.14197528
-0.13829134	-0.14012349
-0.13830738	-0.13888890
-0.13807969	-0.13827163
-0.13758163	-0.13641977
-0.13680415	-0.13580245
-0.13575733	-0.13559669
-0.13446969	-0.13497943
-0.13298586	-0.13436216
-0.13136411	-0.13148147
-0.12967215	-0.12798351
-0.12798285	-0.12222224
-0.12637185	-0.11728394
-0.12491339	-0.11378598
-0.12367898	-0.11502057
-0.12273578	-0.11502057
-0.12214497	-0.11769545
-0.12195918	-0.12119341
-0.12221985	-0.12325102
-0.12295237	-0.12448561
-0.12415996	-0.12695473
-0.12581639	-0.13086420
-0.12785776	-0.13395059
-0.13017669	-0.13621402
-0.13262095	-0.13827163
-0.13500461	-0.14094651
-0.13713774	-0.14074075
-0.13886963	-0.13888890
-0.14012627	-0.13827163
-0.14091794	-0.13641977
-0.14131418	-0.13415641
-0.14140952	-0.13333333
-0.14130005	-0.13477367
-0.14107475	-0.13662553
-0.14081609	-0.13930041
-0.14060156	-0.14218110
-0.14050677	-0.14629632
-0.14060371	-0.14691359
-0.14095959	-0.14814812
-0.14163120	-0.14917696
-0.14265791	-0.14897120
-0.14404766	-0.14650208
-0.14575125	-0.14876544
-0.14760984	-0.14814812
-0.14928119	-0.14794236
-0.15026137	-0.14835393
-0.15030932	-0.14999998
-0.15009581	-0.15123457
-0.15073951	-0.15411520
-0.15280344	-0.15576130
-0.15651917	-0.15658438
-0.16183476	-0.15699589
