0.00181135	0.00000000
0.00080787	0.00127387
0.01128499	0.00987256
0.01940309	0.02197456
0.03215082	0.02738857
0.04369549	0.03980887
0.05096860	0.05031848
0.05375396	0.05191088
0.05394383	0.05509555
0.05288638	0.05668795
0.05149417	0.05254781
0.05092983	0.04840767
0.05263661	0.04554141
0.05714838	0.05350316
0.06298228	0.05764329
0.06765379	0.06687903
0.06975339	0.07452226
0.06939892	0.07898092
0.06738503	0.06592357
0.06485696	0.06019104
0.06370963	0.05191088
0.06651111	0.05732489
0.07518882	0.07420385
0.08964787	0.09554136
0.10772322	0.11592352
0.12626721	0.13885355
0.14249748	0.14745224
0.15480585	0.14872611
0.16252647	0.15063691
0.16523342	0.15286624
0.16282244	0.15668786
0.15626830	0.15445864
0.14780621	0.14872611
0.14010839	0.14713371
0.13530880	0.13917196
0.13487847	0.13280261
0.13967945	0.13280261
0.14852764	0.14522290
0.15814327	0.15445864
0.16677336	0.16464972
0.17509057	0.17770696
0.18394423	0.18757963
0.19326086	0.19363058
0.20230116	0.20127392
0.21013477	0.21242034
0.21594571	0.22165608
0.21920507	0.22707009
0.21972394	0.23057330
0.21756960	0.21974528
0.21296416	0.21624207
0.20632203	0.19968152
0.19840313	0.19076431
0.19038680	0.17961788
0.18368603	0.17356694
0.17953242	0.17038214
0.17858605	0.18248403
0.18081494	0.19076431
0.18565901	0.19904459
0.19230111	0.20987260
0.19988501	0.21210194
0.20762482	0.21082807
0.21483324	0.21624207
0.22091566	0.21847129
0.22536261	0.22420382
0.22776161	0.22484076
0.22783816	0.22547770
0.22552897	0.22643316
0.22107346	0.22229302
0.21508585	0.21146500
0.20853524	0.20477712
0.20255609	0.19490445
0.19809337	0.18312097
0.19556014	0.17611468
0.19477515	0.18566883
0.19523753	0.18853498
0.19646452	0.19617832
0.19810973	0.20127392
0.19987650	0.21114647
0.20140882	0.20987260
0.20225100	0.21687901
0.20183659	0.21815288
0.19948128	0.21019113
0.19444455	0.19617832
0.18619739	0.17643309
0.17489772	0.15891719
0.16173139	0.14681530
0.14870152	0.13949049
0.13798271	0.13471341
0.13137160	0.13503182
0.13015495	0.13949049
0.13519661	0.14140129
0.14677487	0.15509558
0.16391765	0.17229295
0.18383668	0.19171977
0.20273437	0.20636940
0.21786727	0.21878982
0.22882660	0.22866237
0.23680560	0.23598731
0.24275608	0.25000000
0.24661441	0.25350320
0.24834581	0.25541401
0.24897261	0.25509548
0.25017607	0.25286627
0.25330395	0.25796175
0.25883892	0.26878977
0.26638925	0.28248405
0.27491921	0.29012740
0.28306130	0.29904461
0.28947785	0.29490447
0.29322270	0.29108286
0.29397222	0.28662419
0.29201379	0.28566873
0.28801689	0.28757966
0.28272483	0.28439486
0.27670521	0.27961779
0.27022713	0.27707005
0.26326606	0.27356684
0.25559482	0.25891721
0.24691370	0.24968147
0.23697321	0.24012744
0.22566296	0.23025477
0.21305357	0.20891714
0.19938923	0.19235671
0.18504922	0.17070067
0.17049105	0.15254772
0.15619315	0.13343954
0.14260925	0.12770700
0.13014187	0.12388539
0.11919309	0.12197447
0.11044349	0.12356687
0.10540225	0.11878979
0.10614543	0.11815286
0.11270683	0.11942673
0.12130581	0.12197447
0.12715448	0.11847138
0.12811695	0.12038219
0.12430613	0.11401272
0.11562352	0.10732484
0.10273488	0.09681523
0.08750869	0.08184719
0.07156433	0.06401277
0.05531482	0.04808915
0.03813495	0.02579618
0.01939221	0.00254774
0.00014876	-0.01560509
-0.01625599	-0.02993631
-0.02697544	-0.04044586
-0.03252794	-0.04394907
-0.03532174	-0.04522294
-0.03708400	-0.04363060
-0.03843398	-0.04267514
-0.03946242	-0.04267514
-0.04012479	-0.04171973
-0.04036778	-0.03885353
-0.04016487	-0.03726113
-0.03953733	-0.03471339
-0.03856097	-0.03726113
-0.03734925	-0.04235667
-0.03601733	-0.04363060
-0.03464267	-0.04617834
-0.03323537	-0.04426754
-0.03172341	-0.03821653
-0.02995334	-0.03025478
-0.02769954	-0.02452230
-0.02467821	-0.01656049
-0.02056996	-0.01433122
-0.01506175	-0.01464969
-0.00792770	-0.00445861
0.00084512	0.00318468
0.01092069	0.01560509
0.02155428	0.02707005
0.03170680	0.04235673
0.04032685	0.04331207
0.04667278	0.04777074
0.05051883	0.04426754
0.05218415	0.04808915
0.05241078	0.04840767
0.05214456	0.05445862
0.05227754	0.05700636
0.05342205	0.06433117
0.05578405	0.06337583
0.05916142	0.06369424
0.06305441	0.06146502
0.06684630	0.07006371
0.07000501	0.07292998
0.07226327	0.07866240
0.07374261	0.08662415
0.07500933	0.09458601
0.07704201	0.09490442
0.08100496	0.10127389
0.08763149	0.10286629
0.09628093	0.10286629
0.10451962	0.10350323
0.10923353	0.10318470
0.10867031	0.09777069
0.10345787	0.09840763
0.09577709	0.09649682
0.08786938	0.09554136
0.08122358	0.09426749
0.07655604	0.09394908
0.07406387	0.08726120
0.07363714	0.08407640
0.07498677	0.07866240
0.07772945	0.07643306
0.08145876	0.07707012
0.08580215	0.08407640
0.09045537	0.09108281
0.09519009	0.09808922
0.09983920	0.10031843
0.10427271	0.10063696
0.10837947	0.10509551
0.11206076	0.11178339
0.11523709	0.12006366
0.11785874	0.12611461
0.11991054	0.13121021
0.12140366	0.12993634
0.12236018	0.12961781
0.12280302	0.12643313
0.12276696	0.12834394
0.12234537	0.13025475
0.12177087	0.12961781
0.12144217	0.12611461
0.12167297	0.12484074
0.12212750	0.12006366
0.12171386	0.11687899
0.11961091	0.11783445
0.11644273	0.11401272
0.11426131	0.11624205
0.11530067	0.12006366
0.12048562	0.12547767
0.12884521	0.13184714
0.13815956	0.14108276
0.14613505	0.14490449
0.15130533	0.14904463
0.15338482	0.15159237
0.15316266	0.15254772
0.15205799	0.15414011
0.15145923	0.15254772
0.15210605	0.14872611
0.15388452	0.14649677
0.15619844	0.14522290
