0.00043963	0.00000000
-0.00007704	0.00779796
0.03556459	0.02265131
0.04448546	0.03527665
0.04293756	0.04455996
0.04162867	0.05235791
0.04171433	0.04827332
0.04084389	0.04084659
0.03789146	0.03193462
0.03386752	0.02599335
0.02994962	0.01856661
0.02675303	0.01633871
0.02459048	0.02153730
0.02368437	0.02525067
0.02421479	0.02747869
0.02628489	0.03044927
0.02987223	0.03156328
0.03482555	0.02933526
0.04092960	0.03527665
0.04799227	0.04381728
0.05587296	0.05272925
0.06446789	0.06981063
0.07371108	0.08243597
0.08354063	0.08503532
0.09380023	0.09023392
0.10417955	0.10100257
0.11422904	0.10731530
0.12337254	0.11845529
0.13091700	0.13627923
0.13617776	0.14259195
0.13877188	0.14481986
0.13890214	0.14184928
0.13738365	0.13850725
0.13543309	0.13590789
0.13451169	0.13033795
0.13638751	0.12996662
0.14306825	0.14667654
0.15595980	0.16487193
0.17422359	0.17749727
0.19323346	0.19569254
0.20637247	0.21165991
0.21036418	0.20831788
0.20750642	0.20237648
0.20293602	0.20237648
0.20134510	0.20051992
0.20616256	0.19866323
0.21982516	0.21425915
0.24221377	0.24693656
0.26944327	0.27292979
0.29724923	0.30932045
0.32347265	0.33939838
0.34699312	0.36204982
0.36716011	0.37393236
0.38391808	0.39027107
0.39757642	0.39695501
0.40840039	0.40958035
0.41643503	0.41552174
0.42159861	0.41552174
0.42388779	0.41737843
0.42360279	0.41886377
0.42157927	0.42183435
0.41936544	0.42740440
0.41907257	0.43111765
0.42249295	0.42777574
0.42971337	0.43854439
0.43894693	0.44188643
0.44841531	0.44114375
0.45719424	0.46156704
0.46388280	0.47419238
0.46604428	0.46119571
0.46139520	0.46305239
0.44958830	0.45748234
0.43329981	0.43148899
0.41762811	0.41552174
0.40781423	0.41106570
0.40679175	0.40029705
0.41427168	0.40178239
0.42755011	0.42294836
0.44290689	0.44968438
0.45667025	0.47530639
0.46582094	0.48793173
0.46834841	0.48867428
0.46351901	0.46379507
0.45208666	0.42851841
0.43634582	0.40066838
0.41981283	0.38655770
0.40632039	0.38544369
0.39867026	0.38952839
0.39758632	0.39881170
0.40173629	0.40549576
0.40865004	0.40586710
0.41569474	0.41217971
0.42055532	0.41700709
0.42105985	0.41477907
0.41519496	0.41923511
0.40296939	0.41032302
0.38786751	0.38284445
0.37507957	0.35796511
0.36898744	0.35239506
0.37209377	0.35239506
0.38513497	0.37875974
0.40741894	0.41737843
0.43606958	0.45339775
0.46511260	0.48161900
0.48802313	0.48644638
0.50060469	0.49647236
0.50599420	0.50092828
0.51194638	0.50872636
0.51895040	0.50761235
0.52405375	0.51912367
0.52760637	0.51392496
0.53219187	0.52283704
0.53968018	0.54066098
0.54981738	0.56256962
0.56073475	0.58113623
0.57016194	0.59413290
0.57622594	0.59933162
0.57773739	0.59004831
0.57430756	0.58670628
0.56648636	0.57668030
0.55573636	0.57482362
0.54379094	0.55477166
0.53173161	0.53769028
0.52048427	0.51132572
0.51110214	0.49832904
0.50275576	0.48421836
0.49270511	0.48199034
0.47873905	0.47642040
0.46073034	0.47382104
0.44023362	0.44411433
0.41942447	0.41626441
0.40027669	0.39509845
0.38413289	0.38024509
0.37150502	0.35833645
0.36187685	0.35685110
0.35350713	0.34942448
0.34360167	0.32714450
0.32922289	0.29669511
0.30865279	0.27515781
0.28223076	0.25473452
0.25197279	0.23022652
0.22046526	0.21277380
0.19003801	0.19049382
0.16255756	0.14407718
0.13947751	0.11585593
0.12180425	0.09431863
0.10997106	0.08466399
0.10377826	0.09060526
0.10248788	0.12142587
0.10502465	0.13367987
0.11016788	0.13702190
0.11665748	0.13665056
0.12323458	0.13442254
0.12870626	0.13108063
0.13212010	0.12588191
0.13302381	0.13627923
0.13164912	0.13145196
0.12881880	0.13070929
0.12547967	0.13108063
0.12208802	0.12588191
0.11854862	0.11696994
0.11491950	0.12068331
0.11178173	0.11808395
0.11012994	0.11585593
0.11103265	0.12996662
0.11505808	0.13553655
0.12185778	0.13256586
0.13019426	0.13924992
0.13844909	0.14704788
0.14531223	0.15447462
0.15021680	0.16115856
0.15333812	0.17118454
0.15529846	0.17007053
0.15681411	0.16784251
0.15843312	0.15930188
0.16040005	0.16338658
0.16263174	0.16264391
0.16482930	0.16561460
0.16678591	0.16932786
0.16873653	0.17266989
0.17131434	0.17638326
0.17491107	0.18343854
0.17892499	0.18418121
0.18177308	0.17972517
0.18201177	0.17601192
0.17962243	0.15967321
0.17617609	0.15521717
0.17381270	0.16041589
0.17402090	0.16709983
0.17706873	0.17786860
0.18219286	0.19532120
0.18818374	0.20794654
0.19395724	0.21277380
0.19887157	0.21834385
0.20275982	0.21685851
0.20578517	0.21500182
0.20825282	0.21351647
0.21046707	0.21203125
0.21265730	0.20868921
0.21496846	0.20163381
0.21750847	0.20126247
0.22048806	0.21203125
0.22455417	0.22577047
0.23133779	0.23876715
0.24353980	0.25584853
0.26333717	0.27887118
0.29010597	0.31563318
0.32016236	0.34571111
0.34861794	0.36687708
0.37180522	0.40066838
0.38877803	0.41366506
0.40071154	0.40252507
0.40901870	0.39472711
0.41415656	0.40883768
0.41570389	0.40326774
0.41310048	0.40401042
0.40637565	0.40103972
0.39637566	0.39435577
0.38435417	0.37801707
0.37131861	0.36353505
0.35781983	0.34682512
0.34444106	0.32900107
0.33232135	0.32305980
0.32296214	0.31711841
0.31752068	0.31897509
0.31628820	0.32677317
0.31865236	0.33717048
0.32342327	0.34236908
0.32929337	0.34348309
0.33524707	0.34533978
0.34082606	0.33902717
0.34621555	0.34236908
0.35213235	0.35016716
0.35951957	0.36204982
0.36910895	0.37170446
0.38101199	0.39732635
0.39451653	0.41366506
0.40809950	0.42072034
0.41949651	0.42591906
0.42589542	0.42963243
0.42461073	0.42220569
