0.00222507	0.00000000
0.00399231	0.00170946
0.00241831	0.00534189
0.01584937	0.01260686
0.02770232	0.01901710
0.03315826	0.03205132
0.04508962	0.04700851
0.06615941	0.07094014
0.09855302	0.10341883
0.14062203	0.13739312
0.18571343	0.17350423
0.22628771	0.21538460
0.25578722	0.25341880
0.26987934	0.27264953
0.26829347	0.27435899
0.25428340	0.25811970
0.23246665	0.22948718
0.20729651	0.19700849
0.18253742	0.16794872
0.16119893	0.15598285
0.14546935	0.15170944
0.13646476	0.14401710
0.13394819	0.13461542
0.13645686	0.13717949
0.14204644	0.13717949
0.14908831	0.13931620
0.15642448	0.14999998
0.16298918	0.17094016
0.16749518	0.17649567
0.16851433	0.17564106
0.16495474	0.17222226
0.15682216	0.17264962
0.14588834	0.15213680
0.13552718	0.13376069
0.12946935	0.11495721
0.13036658	0.11410260
0.13915323	0.11666667
0.15515415	0.14529920
0.17629547	0.18803418
0.19911104	0.22564101
0.21895407	0.23589742
0.23128590	0.23589742
0.23390625	0.22649574
0.22811790	0.20940173
0.21754687	0.20085466
0.20604019	0.20341885
0.19638784	0.20128202
0.19007792	0.18846154
0.18757810	0.18247867
0.18880044	0.19059825
0.19364578	0.18119657
0.20257801	0.19700849
0.21687561	0.23076928
0.23747255	0.25726497
0.26229945	0.25811970
0.28536460	0.29529917
0.29918972	0.30555558
0.30048913	0.29999995
0.29234895	0.28717947
0.28034976	0.28974354
0.26971105	0.27051282
0.26536596	0.25256407
0.27242252	0.25982904
0.29557806	0.30170941
0.33703783	0.36111116
0.39270654	0.41452992
0.44951227	0.47478628
0.48937890	0.50128210
0.49898651	0.48931623
0.47794187	0.45897436
0.44105256	0.43760681
0.40839496	0.40897441
0.38816807	0.38547003
0.37563652	0.37179482
0.36440235	0.35256410
0.35255378	0.34273505
0.34223768	0.34230769
0.33641729	0.34230769
0.33505496	0.33760679
0.33382300	0.33717954
0.32818338	0.32777774
0.31699345	0.30683756
0.30145833	0.28931630
0.28346166	0.27136755
0.26518506	0.25598288
0.24890377	0.25256407
0.23640223	0.24145293
0.22840054	0.23119652
0.22447188	0.23076928
0.22350158	0.22991455
0.22430511	0.21452987
0.22603782	0.22435892
0.22830509	0.22735047
0.23107935	0.22905982
0.23455204	0.24358976
0.23897468	0.25982904
0.24449737	0.26153851
0.25102735	0.26068377
0.25816783	0.26111114
0.26528558	0.24957263
0.27167314	0.24572647
0.27671662	0.25982904
0.27999607	0.27435899
0.28131178	0.28675210
0.28066695	0.29401708
0.27823141	0.29615390
0.27429858	0.27948713
0.26922637	0.27136755
0.26336810	0.25811970
0.25701126	0.24957263
0.25035554	0.24017096
0.24354801	0.23717952
0.23674485	0.23290598
0.23014466	0.22692311
0.22396512	0.21794868
0.21838415	0.20598292
0.21349731	0.19615388
0.20931992	0.18931627
0.20583007	0.19871795
0.20300955	0.20555556
0.20081927	0.21581197
0.19904681	0.22393167
0.19705664	0.22051287
0.19370486	0.19615388
0.18783332	0.18333328
0.17926396	0.17350423
0.16942830	0.16495728
0.16103606	0.16709399
0.15701552	0.17735040
0.15927897	0.17991447
0.16803344	0.17307687
0.18204550	0.17051280
0.19952776	0.16623926
0.21888520	0.21282053
0.23870595	0.25000000
0.25706145	0.29700851
0.27107725	0.32094014
0.27776632	0.32606840
0.27558127	0.27991450
0.26499212	0.24914527
0.24751680	0.21282053
0.22475921	0.21111107
0.19855554	0.20085466
0.17103113	0.16730773
0.14402620	0.13311970
0.11900519	0.10747862
0.09781457	0.06944442
0.08299263	0.07115388
0.07651369	0.09102559
0.07811646	0.10726500
0.08509089	0.10641026
0.09360461	0.10598290
0.10037611	0.09658122
0.10368110	0.09572649
0.10340457	0.09529912
0.10045801	0.10000002
0.09607397	0.09273505
0.09132822	0.08504272
0.08697574	0.07735038
0.08350147	0.06688035
0.08123453	0.06559825
0.08042999	0.07542729
0.08128701	0.08397436
0.08392580	0.09294868
0.08835329	0.10470080
0.09443851	0.11324787
0.10190539	0.11538458
0.11034252	0.11880338
0.11922570	0.12435901
0.12795271	0.12863243
0.13588999	0.13846159
0.14243563	0.14743590
0.14710300	0.15085471
0.14962830	0.15427351
0.15011080	0.15683758
0.14916964	0.15384614
0.14796482	0.14999998
0.14769764	0.14914525
0.14845355	0.14316237
0.14800705	0.13675213
0.14262699	0.12863243
0.13336839	0.12179482
0.12248679	0.11367524
0.10849680	0.09914529
0.09395052	0.09145296
0.08133252	0.08333337
0.07347743	0.07820511
0.07278951	0.07564104
0.07825635	0.08247864
0.08586647	0.08888888
0.09201004	0.09188032
0.09514628	0.09658122
0.09531124	0.09829056
0.09323336	0.09786320
0.08979142	0.08931625
0.08578105	0.08461535
0.08183603	0.07606840
0.07841775	0.07136750
0.07582940	0.06837606
0.07423705	0.06794870
0.07369007	0.06880343
0.07413529	0.07307696
0.07542755	0.07649577
0.07733624	0.08247864
0.07955493	0.09059834
0.08171821	0.09401715
0.08343391	0.09529912
0.08432917	0.09358978
0.08410604	0.08846152
0.08259337	0.08162391
0.07977901	0.07692313
0.07581173	0.07200849
0.07097124	0.06923079
0.06561540	0.06474364
0.06012318	0.05790603
0.05484723	0.05213678
0.05008516	0.04807687
0.04607160	0.04508543
0.04298343	0.04273510
0.04095072	0.04401708
0.04006729	0.04636753
0.04039322	0.04743588
0.04195033	0.04935896
0.04471096	0.05235040
0.04858498	0.05491447
0.05341098	0.06047010
0.05895643	0.06752133
0.06492956	0.07222223
0.07100509	0.07905984
0.07686134	0.08760679
0.08223018	0.09444439
0.08694880	0.09957266
0.09100063	0.10427356
0.09452961	0.10769236
0.09781818	0.10854697
0.10123193	0.10769236
0.10514711	0.10940170
0.10988367	0.11196578
0.11566336	0.11837602
0.12259859	0.12350428
0.13070697	0.12649572
