0.00029279	0.00000000
-0.00757785	-0.00651699
-0.00808266	-0.01230991
-0.01979162	-0.01701665
-0.01698501	-0.01882696
-0.02130674	-0.02208543
-0.02458386	-0.02353364
-0.02653347	-0.02606809
-0.02610247	-0.02679217
-0.02337567	-0.02570599
-0.01951615	-0.02280957
-0.01557033	-0.01991308
-0.01204349	-0.01375812
-0.00914077	-0.00724113
-0.00660597	-0.00506878
-0.00360079	-0.00036204
0.00065629	0.00253439
0.00596743	0.00615501
0.01098184	0.00579286
0.01412653	0.00868940
0.01492779	0.01086164
0.01454736	0.01520634
0.01503779	0.01810277
0.01779379	0.02208543
0.02251210	0.02534389
0.02757491	0.02534389
0.03133890	0.02606809
0.03289570	0.02389574
0.03131863	0.02244747
0.02576663	0.02172339
0.01840384	0.02063727
0.01386464	0.01665461
0.01431367	0.01556838
0.01790758	0.01556838
0.02141047	0.01520634
0.02279285	0.01737869
0.02204044	0.02027512
0.02042948	0.02136135
0.01936822	0.02244747
0.01972634	0.02461982
0.02175100	0.02715421
0.02525342	0.02968860
0.02982377	0.03149891
0.03498222	0.03330922
0.04026565	0.03511953
0.04526778	0.03946412
0.04966266	0.04417086
0.05322571	0.04923964
0.05585358	0.05467057
0.05758271	0.05865312
0.05860734	0.05937731
0.05929898	0.06227374
0.06024481	0.06553221
0.06228495	0.06734252
0.06639874	0.06915283
0.07282306	0.07060099
0.07867004	0.06879067
0.07778065	0.06734252
0.06919061	0.06263578
0.05969863	0.05901515
0.05468009	0.05829108
0.05529435	0.05937731
0.06049643	0.06154954
0.06845199	0.07349741
0.07732509	0.08327293
0.08569928	0.08761764
0.09269302	0.09377265
0.09789912	0.09920347
0.10128355	0.09956551
0.10309492	0.10101378
0.10378422	0.10499632
0.10390481	0.10825491
0.10400139	0.10825491
0.10450743	0.10644460
0.10568969	0.10644460
0.10764439	0.10789287
0.11033203	0.10680664
0.11362575	0.10934103
0.11735682	0.11368573
0.12134889	0.11622012
0.12543933	0.12165093
0.12949218	0.12708187
0.13340138	0.13178861
0.13709246	0.13649535
0.14051779	0.14156413
0.14365458	0.14265025
0.14649913	0.14409852
0.14906231	0.14699495
0.15136622	0.15133965
0.15343937	0.15858078
0.15531409	0.16473567
0.15702413	0.17052865
0.15860282	0.17487323
0.16008215	0.17523539
0.16149168	0.17016649
0.16285917	0.16618395
0.16421033	0.16256332
0.16556901	0.15930486
0.16695790	0.15749454
0.16839848	0.15785658
0.16991161	0.15785658
0.17151766	0.15749454
0.17323709	0.15749454
0.17509012	0.15966690
0.17709634	0.16256332
0.17927583	0.16654599
0.18164821	0.16980445
0.18423264	0.17306304
0.18704805	0.17921793
0.19011290	0.18682110
0.19344504	0.19876897
0.19706221	0.21035480
0.20098186	0.22085440
0.20522162	0.22664738
0.20979996	0.22737145
0.21473646	0.22338879
0.22005107	0.22302675
0.22576334	0.22411299
0.23188430	0.23171616
0.23840307	0.24656045
0.24525486	0.26068068
0.25226441	0.27226651
0.25906625	0.27950764
0.26503274	0.27914560
0.26932830	0.27950764
0.27125773	0.27950764
0.27085879	0.27805936
0.26920861	0.27661121
0.26792783	0.27805936
0.26824811	0.27371466
0.27048928	0.26937008
0.27421007	0.27009416
0.27867749	0.27443886
0.28325427	0.27914560
0.28755081	0.28602457
0.29138586	0.29435194
0.29466876	0.29869664
0.29729223	0.30050683
0.29907879	0.30014479
0.29978538	0.30340338
0.29917070	0.30123103
0.29710406	0.29942071
0.29367870	0.29616225
0.28926739	0.28855896
0.28447524	0.27769732
0.28000292	0.27045619
0.27648368	0.26864588
0.27436635	0.27154231
0.27388015	0.27878344
0.27507225	0.28638673
0.27788016	0.29362786
0.28219956	0.29724836
0.28791890	0.30014479
0.29492390	0.30521357
0.30308411	0.31209266
0.31224224	0.32042003
0.32221827	0.32729912
0.33282161	0.33417809
0.34386572	0.34033310
0.35517326	0.34431577
0.36657289	0.35191894
0.37789056	0.36748731
0.38894030	0.39138305
0.39952269	0.41636491
0.40942809	0.43736422
0.41844624	0.45220852
0.42637932	0.45401883
0.43305889	0.44388127
0.43836734	0.43772626
0.44226113	0.43446779
0.44479030	0.43229544
0.44610670	0.43410575
0.44645205	0.44170892
0.44612473	0.44279504
0.44543052	0.44279504
0.44463310	0.44424331
0.44391936	0.44713974
0.44338694	0.44713974
0.44305560	0.44677770
0.44289348	0.44750178
0.44285160	0.44750178
0.44289276	0.44822598
0.44301495	0.44822598
0.44326517	0.44822598
0.44374874	0.44713974
0.44464102	0.44750178
0.44620302	0.44641566
0.44879052	0.44605362
0.45283934	0.45184648
0.45878500	0.45691526
0.46689972	0.46596670
0.47707745	0.48370743
0.48867512	0.50108612
0.50053430	0.50506878
0.51119310	0.51810277
0.51913148	0.52027512
0.52296120	0.51556838
0.52199847	0.50941348
0.51754797	0.50977552
0.51343417	0.50941348
0.51422483	0.51882696
0.52285236	0.52679217
0.53959805	0.54851556
0.56223077	0.57530773
0.58671552	0.59739316
0.60830343	0.62201309
0.62278497	0.63396084
0.62754756	0.63034034
0.62210399	0.62346125
0.60799325	0.60897899
0.58816969	0.57892835
0.56614131	0.55575669
0.54515946	0.54272270
0.52766705	0.52570605
0.51503056	0.51520634
0.50746417	0.51484430
0.50411063	0.52172339
0.50331682	0.51882696
0.50308752	0.51593053
0.50158685	0.50760317
0.49751797	0.50325847
0.49028903	0.49275887
0.47997388	0.47501814
0.46715200	0.46488047
0.45270985	0.46125996
0.43765813	0.44786382
0.42298737	0.43084717
0.40956387	0.41962349
0.39805943	0.39753807
0.38890529	0.37291813
0.38226530	0.35952210
0.37802634	0.36459088
0.37581548	0.37255609
0.37505010	0.38450396
0.37502378	0.39174509
0.37501866	0.39319336
0.37442037	0.38088346
0.37281165	0.37110794
0.37002203	0.36893559
0.36612266	0.37219405
0.36136797	0.37291813
