0.00129494	0.00000000
0.01641527	0.01733840
0.03147419	0.03310061
0.05434890	0.04728663
0.05436955	0.04976356
0.05350347	0.05539298
0.05760367	0.05674398
0.06620945	0.06034672
0.07625441	0.06687689
0.08407079	0.07791042
0.08829837	0.08399010
0.08969547	0.08781803
0.08979748	0.09479845
0.08987050	0.09659982
0.09052552	0.09097052
0.09182121	0.08984458
0.09349985	0.08939433
0.09512550	0.08714259
0.09626941	0.08691740
0.09689821	0.09097052
0.09738272	0.08961940
0.09801680	0.08736765
0.09885971	0.09322226
0.09990926	0.09862649
0.10117804	0.10335505
0.10261522	0.10785854
0.10402153	0.11123621
0.10506450	0.10493135
0.10538869	0.09975231
0.10474275	0.09502363
0.10305043	0.09119570
0.10040845	0.09006977
0.09702544	0.09142089
0.09313266	0.09142089
0.08889140	0.08601665
0.08431897	0.08489084
0.07926498	0.08218873
0.07348053	0.07700968
0.06680666	0.06912863
0.05942966	0.06147265
0.05202897	0.04773700
0.04563318	0.04143214
0.04119806	0.03400135
0.03917654	0.03129923
0.03932820	0.03174961
0.04080783	0.03827965
0.04242922	0.03873003
0.04299769	0.04120696
0.04163021	0.04030621
0.03797464	0.03940558
0.03225809	0.03355098
0.02515333	0.02837193
0.01753738	0.02116644
0.01024778	0.01013291
0.00392334	-0.00112587
-0.00104408	-0.00517899
-0.00447671	-0.01193422
-0.00635547	-0.01531184
-0.00678824	-0.01553702
-0.00600119	-0.01193422
-0.00431179	-0.00878179
-0.00202608	-0.00450349
0.00075280	-0.00022519
0.00435309	0.00878179
0.00965758	0.01621258
0.01796159	0.02139163
0.03050030	0.02612019
0.04784268	0.04165733
0.06955150	0.07228100
0.09437083	0.10177886
0.12079769	0.13127673
0.14764561	0.17225850
0.17424214	0.20198154
0.20009123	0.21684301
0.22418293	0.23305559
0.24455555	0.24926817
0.25875679	0.25287092
0.26508710	0.25377166
0.26358289	0.25692415
0.25596222	0.25151992
0.24481483	0.24296331
0.23272306	0.23530734
0.22169192	0.22765148
0.21293858	0.20603466
0.20692314	0.19657731
0.20347790	0.19612706
0.20195700	0.19567668
0.20139624	0.19522631
0.20072159	0.20333254
0.19901077	0.20648503
0.19575986	0.19972980
0.19104759	0.19117320
0.18551269	0.18261647
0.18014799	0.17451024
0.17601186	0.16730464
0.17397888	0.16235077
0.17459683	0.17000675
0.17802958	0.18081510
0.18400940	0.19297457
0.19173375	0.20468366
0.19972420	0.21143889
0.20586649	0.20243192
0.20802978	0.19747806
0.20539366	0.19207382
0.19960813	0.18982208
0.19420484	0.18757033
0.19221406	0.19432557
0.19596799	0.20603466
0.20662363	0.21098852
0.22314377	0.22134650
0.24369667	0.24431431
0.26547650	0.27493811
0.28444797	0.28799820
0.29674846	0.29610443
0.30043790	0.29655480
0.29612455	0.29340243
0.28638589	0.27448773
0.27451831	0.26503038
0.26312056	0.26052690
0.25324062	0.25557303
0.24453695	0.24296331
0.23609079	0.23665845
0.22720094	0.22179687
0.21780004	0.20558429
0.20844580	0.19657731
0.20000876	0.19207382
0.19326191	0.18666971
0.18860529	0.18261647
0.18606980	0.18802071
0.18557699	0.18486822
0.18730663	0.18937171
0.19195613	0.20108080
0.20056093	0.21729338
0.21344197	0.22765148
0.22855778	0.23710871
0.24134770	0.23575771
0.24716844	0.22855210
0.24377172	0.21594238
0.23184553	0.20693541
0.21382825	0.20738578
0.19240183	0.20333254
0.16971885	0.19252419
0.14733846	0.16955638
0.12642895	0.13352847
0.10791941	0.09074533
0.09250925	0.06507540
0.08059850	0.04255795
0.07223977	0.03895521
0.06716113	0.05133975
0.06484112	0.06507540
0.06459859	0.06935370
0.06567553	0.07408237
0.06731483	0.08173835
0.06884022	0.08308935
0.06973100	0.08781803
0.06967284	0.09209633
0.06856653	0.09277189
0.06648999	0.08601665
0.06363259	0.07633412
0.06022757	0.05291605
0.05649902	0.03602791
0.05263312	0.02679574
0.04876627	0.01643777
0.04498447	0.01148391
0.04132664	0.01981533
0.03778949	0.02251744
0.03433500	0.02026570
0.03091853	0.02499437
0.02756730	0.02882230
0.02454637	0.02657056
0.02255291	0.02521956
0.02266193	0.02634537
0.02572318	0.02657056
0.03155477	0.03219998
0.03880197	0.04458451
0.04563822	0.05561805
0.05063285	0.06327403
0.05319615	0.06912863
0.05348909	0.06710196
0.05202708	0.06169784
0.04926650	0.05404186
0.04536311	0.04571044
0.04018171	0.03490210
0.03357165	0.02364337
0.02576821	0.01058316
0.01755046	-0.00022519
0.00990622	-0.01125872
0.00353582	-0.01373565
-0.00130071	-0.01193422
-0.00459979	-0.00833148
-0.00643284	-0.00743073
-0.00693480	-0.00247693
-0.00638629	-0.00315243
-0.00524954	-0.00337762
-0.00408689	-0.00698042
-0.00335346	-0.00517899
-0.00314863	-0.00067550
-0.00316560	0.00382793
-0.00291090	0.00653005
-0.00194996	0.01103354
-0.00001170	0.01170909
0.00300773	0.01125872
0.00706868	0.01125872
0.01201640	0.01306009
0.01760562	0.01486146
0.02351715	0.01846433
0.02936788	0.02431881
0.03471890	0.03017342
0.03909291	0.04841256
0.04200985	0.05426705
0.04304384	0.05291605
0.04189308	0.04886281
0.03844641	0.04503489
0.03282736	0.02521956
0.02540912	0.01125872
0.01679750	0.00360274
0.00778562	-0.00315243
-0.00072332	-0.00743073
-0.00783719	-0.01238459
-0.01281918	-0.00923216
-0.01519947	-0.00743073
-0.01480822	-0.00788110
-0.01174600	-0.00878179
-0.00633202	-0.00855660
0.00095517	-0.00675523
0.00956558	0.00202656
0.01898579	0.01238465
0.02879846	0.02679574
0.03865343	0.04908800
0.04820113	0.06597614
0.05709291	0.07655931
0.06506744	0.08714259
0.07203859	0.09479845
0.07811354	0.09367263
0.08355106	0.09659982
0.08870988	0.09952712
0.09401500	0.10020268
0.09994014	0.10065305
0.10699357	0.10966003
0.11569183	0.11641526
0.12650239	0.12226975
