0.00128858	0.00000000
-0.01158504	-0.00857568
0.00236483	-0.00111854
0.01192318	0.00521994
0.00394441	0.00447428
-0.00012846	0.00447428
-0.00127022	0.00521994
0.00233866	0.00298285
0.01148279	0.00559282
0.02638094	0.01864278
0.04724549	0.04809844
0.07493044	0.07867265
0.11080299	0.11148393
0.15589489	0.16517520
0.20954953	0.21178222
0.26785818	0.26920211
0.32265729	0.32438481
0.36258280	0.36316180
0.37869942	0.37472034
0.37394699	0.38292325
0.36237663	0.36353469
0.35401320	0.34862041
0.34801435	0.34563756
0.33916590	0.33855331
0.32379434	0.32624912
0.30175462	0.30089486
0.27572790	0.27367640
0.24916543	0.24496639
0.22460753	0.22520506
0.20310003	0.20842659
0.18445270	0.19276655
0.16798837	0.16853094
0.15323219	0.15100670
0.14008966	0.13907528
0.12876470	0.12602532
0.11988370	0.12043250
0.11471738	0.12602532
0.11451465	0.12527966
0.11807202	0.11409402
0.12012960	0.10961974
0.11582093	0.10850108
0.10719483	0.10850108
0.10107242	0.10961974
0.10180697	0.11744964
0.10891396	0.12043250
0.11922969	0.12378824
0.12941448	0.12938106
0.13721532	0.13982105
0.14160939	0.14392245
0.14237157	0.15175247
0.13959041	0.14951527
0.13348939	0.14243102
0.12459864	0.12677109
0.11395523	0.11111116
0.10302041	0.09656978
0.09335285	0.08836687
0.08623955	0.07792687
0.08243217	0.07606268
0.08203796	0.08053696
0.08455393	0.08575690
0.08900540	0.09172261
0.09413646	0.09619689
0.09861383	0.09619689
0.10121721	0.09619689
0.10099562	0.09619689
0.09737672	0.09246826
0.09021965	0.08463836
0.07980631	0.07755411
0.06677695	0.06450415
0.05201988	0.05145419
0.03653003	0.03467560
0.02125712	0.02237141
0.00696983	0.00223708
-0.00583443	-0.01193142
-0.01695531	-0.02870989
-0.02645625	-0.03616703
-0.03459036	-0.04362416
-0.04171263	-0.04213274
-0.04819524	-0.04175991
-0.05435772	-0.04511559
-0.06041323	-0.05108130
-0.06643499	-0.05835199
-0.07235408	-0.06730050
-0.07800850	-0.08053690
-0.08327755	-0.08985829
-0.08831295	-0.09545118
-0.09379415	-0.10048473
-0.10099992	-0.10458612
-0.11146151	-0.11204326
-0.12626387	-0.12509322
-0.14542621	-0.14876956
-0.16778639	-0.17841166
-0.19140060	-0.21122295
-0.21411195	-0.23527217
-0.23403800	-0.24832213
-0.25007090	-0.26043999
-0.26223132	-0.26472783
-0.27122095	-0.26454139
-0.27747324	-0.26715136
-0.28085068	-0.27404922
-0.28106347	-0.27479494
-0.27808651	-0.27740490
-0.27230331	-0.27982849
-0.26448673	-0.27498138
-0.25567237	-0.26062638
-0.24685125	-0.24496645
-0.23854621	-0.23061150
-0.23066248	-0.21905297
-0.22315414	-0.21327370
-0.21721661	-0.21718866
-0.21506728	-0.22278148
-0.21773870	-0.22371364
-0.22413628	-0.22539151
-0.23229638	-0.23154360
-0.24057503	-0.23974645
-0.24794988	-0.24552572
-0.25391012	-0.25466073
-0.25843140	-0.26286352
-0.26210913	-0.26752424
-0.26601356	-0.27087992
-0.27100399	-0.27665919
-0.27733129	-0.27852350
-0.28483251	-0.28709918
-0.29286566	-0.29791200
-0.30041346	-0.30331844
-0.30669066	-0.30779266
-0.31154284	-0.31357199
-0.31537184	-0.31487697
-0.31884888	-0.31487697
-0.32265827	-0.32270694
-0.32735386	-0.33109617
-0.33331391	-0.33967191
-0.34075525	-0.34656972
-0.34977332	-0.35495901
-0.36038712	-0.36185682
-0.37257910	-0.37565249
-0.38631696	-0.39261746
-0.40154657	-0.41312456
-0.41814753	-0.43214017
-0.43585289	-0.44966441
-0.45416448	-0.46290082
-0.47232226	-0.47464579
-0.48938236	-0.48825502
-0.50440091	-0.50186431
-0.51664054	-0.51547348
-0.52570361	-0.52442205
-0.53155500	-0.53150630
-0.53446180	-0.53355706
-0.53490055	-0.53355706
-0.53345889	-0.52982849
-0.53075051	-0.53262490
-0.52734959	-0.53467560
-0.52374995	-0.53411633
-0.52034718	-0.53318417
-0.51743448	-0.53430277
-0.51520813	-0.50838923
-0.51377398	-0.49906784
-0.51315767	-0.49049217
-0.51331466	-0.48527217
-0.51414400	-0.48806858
-0.51550239	-0.51360929
-0.51722282	-0.52237135
-0.51913232	-0.53225207
-0.52107090	-0.54008204
-0.52290535	-0.53952277
-0.52453780	-0.53933632
-0.52590942	-0.53952277
-0.52699763	-0.54045486
-0.52780980	-0.53933632
-0.52837574	-0.53392994
-0.52873826	-0.52703208
-0.52894598	-0.52330351
-0.52904695	-0.51957494
-0.52908427	-0.51659209
-0.52909273	-0.52087998
-0.52909839	-0.52162564
-0.52911752	-0.52311707
-0.52915734	-0.52386278
-0.52921617	-0.52647281
-0.52928519	-0.52833706
-0.52934927	-0.53504848
-0.52938849	-0.53803134
-0.52938133	-0.54101419
-0.52930784	-0.54455626
-0.52915448	-0.54604769
-0.52891964	-0.54828489
-0.52861822	-0.55369127
-0.52828509	-0.55462343
-0.52797419	-0.54567486
-0.52775449	-0.54194629
-0.52770072	-0.53579414
-0.52788061	-0.53038776
-0.52834475	-0.52703208
-0.52911687	-0.53318417
-0.53019148	-0.53709918
-0.53153795	-0.54362416
-0.53310865	-0.54697990
-0.53484529	-0.55257273
-0.53668416	-0.55480981
-0.53854948	-0.55499625
-0.54033846	-0.55257273
-0.54189581	-0.54735273
-0.54297733	-0.54231918
-0.54320729	-0.53653991
-0.54203039	-0.53057420
-0.53866410	-0.52367640
-0.53206414	-0.52050710
-0.52093893	-0.51882923
-0.50390196	-0.50801641
-0.47991425	-0.46551079
-0.44918603	-0.42486948
-0.41436228	-0.38758391
-0.38088152	-0.35924685
-0.35497352	-0.32979119
-0.34010622	-0.32997763
-0.33550224	-0.33892620
-0.33817533	-0.34750187
-0.34527728	-0.34563756
-0.35449970	-0.35458612
-0.36409992	-0.36819535
-0.37333128	-0.37117821
-0.38241372	-0.37416106
-0.39195856	-0.38460106
-0.40236038	-0.39615959
-0.41339889	-0.41144669
-0.42416343	-0.42729306
-0.43337125	-0.43624163
-0.43988630	-0.43791944
-0.44309846	-0.43847877
-0.44301602	-0.42897093
-0.44017038	-0.42225951
-0.43545339	-0.41983593
-0.42994484	-0.41610736
-0.42474082	-0.41331095
-0.42079547	-0.41181952
-0.41880316	-0.41405666
-0.41914085	-0.41554809
-0.42187452	-0.42002237
-0.42681381	-0.42747951
-0.43358690	-0.43437731
-0.44171771	-0.43605518
