0.00159873	0.00000000
0.01714321	0.01879704
0.03398667	0.03308272
0.06424911	0.06390977
0.09222917	0.09022558
0.12133841	0.11917293
0.15115021	0.14999998
0.17678033	0.17706764
0.19063355	0.18909776
0.19039999	0.19097745
0.18287642	0.18308270
0.17666551	0.17518795
0.17491828	0.17330825
0.17596474	0.17518795
0.17695500	0.18120301
0.17616841	0.17781949
0.17397754	0.17593980
0.17274746	0.17180455
0.17549039	0.17443609
0.18392900	0.18984962
0.19724981	0.20864666
0.21221311	0.21729326
0.22441068	0.22894740
0.22994234	0.23345864
0.22667059	0.22067666
0.21470366	0.20676696
0.19639969	0.19360900
0.17605193	0.17894733
0.15863225	0.16240597
0.14735176	0.14699244
0.14185652	0.13834584
0.13870806	0.13082707
0.13322486	0.13007522
0.12118817	0.12744355
0.09993546	0.09812033
0.06901699	0.06127822
0.03067930	0.02669168
-0.01011494	-0.01503760
-0.04714434	-0.06127822
-0.07579219	-0.07857144
-0.09483358	-0.09248120
-0.10576370	-0.10413533
-0.11134033	-0.11390978
-0.11455961	-0.11203009
-0.11795403	-0.11992478
-0.12291975	-0.11992478
-0.12903047	-0.12180454
-0.13421752	-0.12706769
-0.13609733	-0.13796991
-0.13387942	-0.13421053
-0.13064545	-0.13609022
-0.13182117	-0.13947368
-0.13815965	-0.14060152
-0.14454150	-0.14210528
-0.14653945	-0.14022559
-0.14365996	-0.13533837
-0.13797893	-0.13270676
-0.13206801	-0.12706769
-0.12763362	-0.12030077
-0.12507167	-0.11766917
-0.12378930	-0.11766917
-0.12281975	-0.11691731
-0.12131333	-0.11766917
-0.11875789	-0.11578947
-0.11499284	-0.11879700
-0.11012603	-0.11428571
-0.10443556	-0.10714287
-0.09829979	-0.10150373
-0.09215985	-0.09323311
-0.08650170	-0.08195490
-0.08183381	-0.07481205
-0.07864853	-0.07406014
-0.07737933	-0.07067668
-0.07837379	-0.07330829
-0.08189155	-0.08045113
-0.08810993	-0.09473681
-0.09710395	-0.10751879
-0.10877572	-0.12218046
-0.12275563	-0.13496238
-0.13834855	-0.14736843
-0.15457650	-0.15375942
-0.17030019	-0.16315788
-0.18439768	-0.17819548
-0.19599158	-0.19699246
-0.20465231	-0.20864660
-0.21048109	-0.21992481
-0.21402155	-0.22330827
-0.21602964	-0.21842104
-0.21721478	-0.21428573
-0.21807897	-0.21278197
-0.21889614	-0.20902258
-0.21978740	-0.20977443
-0.22081305	-0.21541351
-0.22203194	-0.21804512
-0.22351111	-0.21954888
-0.22529162	-0.22781956
-0.22732677	-0.23496240
-0.22942001	-0.23872179
-0.23119940	-0.24022555
-0.23216408	-0.24210525
-0.23180427	-0.23796993
-0.22974354	-0.23007518
-0.22582190	-0.22218043
-0.22008194	-0.21240604
-0.21269096	-0.20187968
-0.20386969	-0.19398499
-0.19387852	-0.18609023
-0.18307577	-0.17894739
-0.17204657	-0.17180449
-0.16164637	-0.16278195
-0.15270858	-0.15601504
-0.14560875	-0.14812028
-0.14018062	-0.13233083
-0.13596976	-0.12518799
-0.13248087	-0.12255639
-0.12934338	-0.11992478
-0.12653995	-0.12067670
-0.12460522	-0.12593985
-0.12446678	-0.12781954
-0.12685786	-0.13195491
-0.13179389	-0.13383460
-0.13871400	-0.13609022
-0.14709753	-0.14887220
-0.15650298	-0.16052634
-0.16604660	-0.16954887
-0.17451350	-0.17556393
-0.18101689	-0.18045115
-0.18537882	-0.18007517
-0.18806714	-0.18421054
-0.18992344	-0.18872178
-0.19187845	-0.19473684
-0.19474246	-0.19887221
-0.19908363	-0.20526314
-0.20518139	-0.20601505
-0.21303794	-0.20827067
-0.22244748	-0.21428573
-0.23313674	-0.22969925
-0.24496026	-0.25187969
-0.25805819	-0.27142859
-0.27280742	-0.28496242
-0.28948680	-0.30263156
-0.30783251	-0.31090224
-0.32682326	-0.32593983
-0.34487495	-0.34924811
-0.36026695	-0.36879700
-0.37143800	-0.37669176
-0.37705866	-0.38684213
-0.37614232	-0.37406015
-0.36833051	-0.35187972
-0.35416436	-0.33796990
-0.33511901	-0.32218045
-0.31337759	-0.29924810
-0.29151681	-0.28496242
-0.27229157	-0.27255636
-0.25840786	-0.26015037
-0.25187150	-0.25526315
-0.25288174	-0.26278198
-0.25918958	-0.26691729
-0.26693842	-0.26804513
-0.27263552	-0.26578945
-0.27468488	-0.26165414
-0.27344117	-0.25338346
-0.27025017	-0.25037593
-0.26646498	-0.25075185
-0.26288882	-0.25413531
-0.25959137	-0.25827068
-0.25594601	-0.26052630
-0.25078374	-0.24887216
-0.24264713	-0.23421055
-0.23025514	-0.21278197
-0.21326546	-0.19511276
-0.19287455	-0.17518795
-0.17107441	-0.16390979
-0.14892000	-0.15075189
-0.12675574	-0.11503762
-0.10638179	-0.08421052
-0.09126717	-0.07819551
-0.08397229	-0.07180452
-0.08441012	-0.07180452
-0.09059675	-0.10375941
-0.10018882	-0.12669176
-0.11154597	-0.12218046
-0.12410657	-0.12293231
-0.13803773	-0.14060152
-0.15328555	-0.15563911
-0.16862579	-0.16992480
-0.18158215	-0.18947369
-0.18956809	-0.19887221
-0.19151156	-0.18984962
-0.18862577	-0.18007517
-0.18370907	-0.17518795
-0.17970361	-0.16842103
-0.17863992	-0.17819548
-0.18136948	-0.18533832
-0.18783483	-0.19887221
-0.19740506	-0.20563912
-0.20897157	-0.21917295
-0.22096157	-0.22255641
-0.23165762	-0.23082709
-0.23979972	-0.23684210
-0.24496977	-0.24812031
-0.24740337	-0.25263160
-0.24747936	-0.25563908
-0.24539144	-0.25451130
-0.24123175	-0.24398494
-0.23529641	-0.23345864
-0.22827183	-0.22406018
-0.22113121	-0.21654135
-0.21486172	-0.21165413
-0.21022405	-0.21390975
-0.20764028	-0.21278197
-0.20720048	-0.20827067
-0.20873968	-0.20639098
-0.21194081	-0.20714283
-0.21643193	-0.21240604
-0.22185649	-0.22142857
-0.22791064	-0.23270679
-0.23434924	-0.24097747
-0.24097477	-0.24924815
-0.24761890	-0.25263160
-0.25412562	-0.25526315
-0.26034054	-0.26090223
-0.26610437	-0.26353383
-0.27125278	-0.26578945
-0.27561930	-0.26954889
-0.27904227	-0.27218044
-0.28137627	-0.27556390
-0.28250664	-0.28270674
-0.28236815	-0.28909773
-0.28096464	-0.28872180
-0.27838945	-0.28609025
-0.27484831	-0.27969927
-0.27067667	-0.26954889
-0.26634416	-0.25789475
-0.26242027	-0.25187969
-0.25948524	-0.24887216
-0.25799331	-0.25000000
-0.25814083	-0.25751877
-0.25980559	-0.26278198
-0.26259574	-0.26691729
-0.26598814	-0.27255636
