0.00019100	0.00000000
-0.00578862	-0.00841886
-0.00978897	-0.00710338
0.00414948	-0.00289398
-0.00011964	-0.00342017
-0.00659279	-0.00526178
-0.00797973	-0.00552487
-0.00567226	-0.00578797
-0.00239272	-0.00578797
-0.00011079	-0.00394630
0.00064029	-0.00210470
0.00060080	-0.00105238
0.00086267	-0.00026309
0.00204717	0.00078928
0.00404658	0.00236785
0.00627335	0.00499868
0.00813835	0.00789261
0.00943341	0.01052356
0.01040371	0.01183903
0.01153018	0.01210213
0.01319228	0.01157594
0.01540388	0.00973427
0.01776497	0.01157594
0.01965662	0.01289129
0.02055918	0.01473296
0.02028217	0.01736391
0.01899047	0.02104712
0.01708125	0.02052093
0.01504588	0.02025783
0.01338707	0.01894236
0.01257627	0.01657462
0.01301408	0.01420677
0.01497838	0.01210213
0.01857242	0.01131284
0.02369686	0.01236522
0.03006068	0.02367795
0.03723119	0.03578007
0.04470596	0.04709291
0.05198830	0.05814254
0.05864739	0.06787682
0.06435695	0.06840301
0.06891778	0.06998158
0.07228622	0.07392788
0.07463787	0.07682192
0.07638191	0.07997894
0.07747076	0.07971585
0.07563661	0.07129705
0.06832889	0.06077349
0.05675168	0.05103922
0.04502733	0.03998947
0.03745185	0.02893972
0.03453614	0.02551961
0.03418256	0.03078139
0.03464641	0.03104448
0.03524351	0.03262305
0.03593110	0.03656936
0.03689809	0.04077876
0.03833397	0.03578007
0.04031040	0.03867400
0.04273312	0.04183114
0.04534276	0.04472506
0.04776146	0.04998684
0.04958089	0.05367005
0.05048229	0.05367005
0.05036755	0.05261779
0.04945143	0.05156541
0.04824142	0.04604053
0.04735892	0.04314649
0.04728146	0.04446197
0.04820494	0.04682982
0.05009015	0.04972374
0.05272155	0.05603790
0.05567040	0.06235206
0.05829667	0.06235206
0.05992003	0.06182587
0.06008460	0.05998421
0.05873741	0.05498552
0.05621739	0.05024993
0.05309118	0.04709291
0.04994957	0.04340959
0.04725577	0.04051566
0.04527904	0.03630626
0.04409803	0.03446460
0.04364218	0.03578007
0.04374711	0.04183114
0.04420520	0.04788208
0.04480739	0.05472243
0.04537241	0.05761647
0.04576321	0.06129968
0.04589413	0.05472243
0.04572900	0.05288076
0.04527397	0.04972374
0.04456712	0.04867136
0.04366703	0.04183114
0.04264070	0.04183114
0.04155494	0.03946328
0.04046850	0.03841090
0.03942887	0.03551698
0.03847055	0.03420150
0.03761630	0.03683245
0.03687920	0.03499079
0.03626601	0.03235996
0.03577928	0.03157067
0.03542034	0.03630626
0.03518920	0.03314912
0.03508560	0.03288603
0.03510670	0.03446460
0.03524508	0.03998947
0.03548373	0.03656936
0.03578635	0.03709555
0.03608070	0.03709555
0.03622840	0.03709555
0.03597738	0.02893972
0.03492029	0.02788734
0.03255282	0.02709818
0.02863909	0.02604580
0.02387424	0.02367795
0.01995792	0.02788734
0.01841067	0.02867663
0.01962994	0.02841353
0.02310325	0.02841353
0.02793886	0.02972901
0.03322987	0.02841353
0.03822152	0.02762437
0.04236142	0.02920282
0.04529430	0.02946591
0.04683809	0.03420150
0.04694803	0.03788471
0.04567038	0.03788471
0.04309474	0.03630626
0.03931959	0.03814781
0.03446193	0.03341222
0.02871914	0.02972901
0.02247523	0.02972901
0.01636802	0.02946591
0.01119591	0.02762437
0.00762530	0.02788734
0.00589861	0.02209949
0.00579204	0.01815307
0.00680699	0.01683772
0.00837736	0.01578534
0.00996976	0.01157594
0.01109033	0.00631416
0.01125576	-0.00157851
0.00996970	-0.00578797
0.00674625	-0.01289135
0.00123586	-0.01999474
-0.00647364	-0.01999474
-0.01536195	-0.01789004
-0.02307974	-0.02236253
-0.02645968	-0.02262563
-0.02336950	-0.01473296
-0.01437712	-0.00789267
-0.00225322	-0.00157851
0.00992757	0.01236522
0.02011332	0.02420413
0.02749461	0.02841353
0.03213683	0.03525388
0.03452960	0.04367268
0.03527205	0.04498816
0.03491397	0.03972638
0.03390199	0.03446460
0.03257671	0.02736127
0.03118569	0.01762688
0.02989948	0.00736654
0.02882534	0.00420940
0.02801895	0.00342011
0.02749533	0.01262820
0.02724099	0.01946855
0.02722256	0.03630626
0.02739600	0.05024993
0.02771203	0.05472243
0.02812088	0.04788208
0.02857425	0.04972374
0.02902712	0.03867400
0.02943909	0.03393841
0.02977760	0.03420150
0.03002124	0.03341222
0.03016530	0.03130758
0.03022568	0.02867663
0.03024058	0.02262557
0.03026654	0.02078402
0.03036948	0.02157331
0.03061487	0.01762688
0.03105795	0.01788998
0.03173827	0.01815307
0.03267696	0.02078402
0.03387759	0.02367795
0.03532903	0.02788734
0.03700811	0.03472769
0.03888249	0.04367268
0.04091369	0.05024993
0.04305936	0.05182850
0.04527472	0.05261779
0.04751478	0.04972374
0.04973608	0.05156541
0.05189714	0.05024993
0.05396076	0.05919492
0.05589354	0.06708765
0.05766747	0.07629573
0.05925909	0.07103395
0.06065024	0.07077086
0.06182660	0.06156278
0.06277835	0.05419624
0.06349823	0.04604053
0.06398234	0.04604053
0.06422900	0.04682982
0.06423935	0.05314386
0.06401712	0.05945802
0.06356899	0.06419361
0.06290571	0.06629837
0.06204124	0.06761384
0.06099414	0.06629837
0.05978680	0.06314123
0.05844539	0.05787945
0.05699909	0.05656409
0.05547909	0.05419624
0.05391815	0.05209160
0.05234861	0.05024993
0.05080203	0.05182850
0.04930773	0.05077612
0.04789210	0.05130231
0.04657789	0.05103922
0.04538376	0.05103922
0.04432444	0.05130231
0.04340962	0.04735601
0.04264532	0.04393578
0.04203338	0.04156804
0.04157157	0.03867400
0.04125455	0.03683245
0.04107371	0.04077876
0.04101796	0.04183114
0.04107386	0.04183114
0.04122665	0.04235733
0.04146001	0.04130495
0.04175714	0.03841090
0.04210120	0.03393841
0.04247635	0.03472769
0.04286780	0.03578007
0.04326329	0.03630626
0.04365302	0.03867400
