0.00058632	0.00000000
0.00886600	0.00691879
0.01515295	0.01568270
0.02186285	0.02167892
0.02766608	0.02490771
0.02977078	0.02629149
0.03093337	0.02813649
0.03232487	0.03228784
0.03380509	0.03274906
0.03459881	0.03321028
0.03396469	0.03136528
0.03187387	0.02859783
0.02951577	0.02998149
0.02846095	0.02905905
0.02927749	0.02583027
0.03142487	0.02952027
0.03397693	0.03505540
0.03628622	0.03274906
0.03843308	0.03736162
0.04121505	0.04197419
0.04537986	0.04105163
0.05060347	0.04243541
0.05563398	0.05212176
0.05971602	0.05627310
0.06289122	0.06411433
0.06525031	0.06964946
0.06678160	0.07241702
0.06746168	0.07333946
0.06726022	0.07149446
0.06611782	0.06872690
0.06397308	0.06595945
0.06081790	0.06549811
0.05673234	0.05857933
0.05188933	0.05488932
0.04654954	0.04566419
0.04106967	0.04012918
0.03593475	0.03228784
0.03180961	0.03228784
0.02957490	0.03182662
0.03027933	0.03782284
0.03491595	0.04059041
0.04398695	0.05073798
0.05701034	0.05811810
0.07230262	0.06964946
0.08727200	0.08579338
0.09915277	0.09547973
0.10595168	0.10055351
0.10724895	0.10747230
0.10429199	0.10608852
0.09922513	0.09594095
0.09415032	0.08948338
0.09073813	0.08856094
0.09031133	0.08856094
0.09389682	0.09317338
0.10199770	0.10147607
0.11425573	0.12315500
0.12926023	0.14068270
0.14446951	0.14898527
0.15616022	0.15313649
0.16017084	0.15452027
0.15439297	0.14760149
0.14095365	0.13191879
0.12490685	0.11900365
0.11099404	0.11346865
0.10176252	0.10839486
0.09751533	0.10332108
0.09710686	0.10332108
0.09885448	0.10516608
0.10121363	0.10239851
0.10310727	0.09640217
0.10396788	0.09086716
0.10362722	0.08671582
0.10216703	0.08671582
0.09979144	0.08533216
0.09674038	0.08671582
0.09323974	0.08671582
0.08947764	0.08994460
0.08559807	0.08948338
0.08170371	0.08994460
0.07786167	0.09271216
0.07410957	0.09824729
0.07045795	0.09594095
0.06688897	0.09409595
0.06334887	0.08487082
0.05973582	0.07287824
0.05588751	0.05396676
0.05157810	0.04105163
0.04654501	0.02490771
0.04056713	0.01983392
0.03360191	0.01798892
0.02594203	0.01706648
0.01829152	0.01568270
0.01164293	0.01476014
0.00694160	0.01476014
0.00468823	0.00876379
0.00471321	0.00461257
0.00625029	-0.00138378
0.00824765	-0.00046128
0.00973426	-0.00230628
0.01008095	0.00415134
0.00908634	0.00922513
0.00691144	0.00599635
0.00392953	0.00138378
0.00056662	0.00184500
-0.00282158	-0.00276750
-0.00601680	-0.00092250
-0.00895182	0.00645757
-0.01168512	0.00738013
-0.01435461	0.00322878
-0.01712864	-0.00046128
-0.02016402	-0.01153135
-0.02357954	-0.01891142
-0.02744274	-0.02260149
-0.03176714	-0.03090405
-0.03651664	-0.03736162
-0.04161397	-0.04012913
-0.04695015	-0.04289669
-0.05239645	-0.04889297
-0.05781640	-0.05581182
-0.06307755	-0.06642067
-0.06806135	-0.07472324
-0.07267100	-0.08348709
-0.07683601	-0.08994466
-0.08051385	-0.09271216
-0.08368953	-0.09271216
-0.08637273	-0.09640223
-0.08859459	-0.09916973
-0.09040242	-0.10147601
-0.09185548	-0.10193729
-0.09301963	-0.10101473
-0.09396303	-0.09778595
-0.09475149	-0.09594095
-0.09544625	-0.09501845
-0.09610218	-0.09225094
-0.09676708	-0.09178966
-0.09748300	-0.09317344
-0.09828773	-0.09086716
-0.09921651	-0.09178966
-0.10030375	-0.09594095
-0.10158430	-0.09363467
-0.10309363	-0.09040588
-0.10486662	-0.09271216
-0.10693428	-0.09409595
-0.10931587	-0.09501845
-0.11200750	-0.10562730
-0.11496449	-0.11070108
-0.11808173	-0.11669743
-0.12118255	-0.12130994
-0.12403657	-0.12500000
-0.12643532	-0.12869006
-0.12833948	-0.14022142
-0.13005163	-0.14437270
-0.13228735	-0.14944649
-0.13594206	-0.15267527
-0.14142184	-0.14437270
-0.14797665	-0.14206642
-0.15406059	-0.14621770
-0.15858187	-0.15129149
-0.16160063	-0.15774906
-0.16402178	-0.17112547
-0.16683038	-0.17573804
-0.17034946	-0.17527676
-0.17387672	-0.17158669
-0.17595078	-0.16928047
-0.17520392	-0.16743541
-0.17126209	-0.16651291
-0.16483857	-0.16697419
-0.15693612	-0.15913284
-0.14837618	-0.15175277
-0.14009099	-0.14114392
-0.13306686	-0.13422507
-0.12784572	-0.12546128
-0.12453149	-0.12684500
-0.12328251	-0.12822878
-0.12431066	-0.13053507
-0.12690169	-0.13053507
-0.12896012	-0.13284135
-0.12854286	-0.12638378
-0.12563662	-0.12269372
-0.12206870	-0.12084872
-0.12006587	-0.11854243
-0.12099095	-0.12177122
-0.12498607	-0.13376385
-0.13130395	-0.14391142
-0.13871332	-0.15359777
-0.14555337	-0.16051662
-0.14978938	-0.15682656
-0.15042226	-0.14806271
-0.14829643	-0.13929892
-0.14319195	-0.12684500
-0.13569014	-0.11946493
-0.12896957	-0.12038743
-0.12542598	-0.12130994
-0.12545562	-0.12315500
-0.12823395	-0.12961257
-0.13247958	-0.13145757
-0.13690439	-0.13099629
-0.14045861	-0.13745385
-0.14243649	-0.13929892
-0.14250471	-0.14206642
-0.14076354	-0.14575648
-0.13784362	-0.14852399
-0.13472354	-0.14345020
-0.13211912	-0.13976014
-0.13004358	-0.13699263
-0.12800272	-0.13099629
-0.12549442	-0.12453872
-0.12236021	-0.11854243
-0.11887246	-0.11254615
-0.11564390	-0.10793358
-0.11348057	-0.11162364
-0.11323424	-0.11669743
-0.11563790	-0.12361622
-0.12104230	-0.13376385
-0.12899949	-0.13791513
-0.13794765	-0.14114392
-0.14563431	-0.14529520
-0.15043870	-0.15221405
-0.15242265	-0.15313655
-0.15296774	-0.15590405
-0.15356587	-0.15590405
-0.15496717	-0.15452027
-0.15704165	-0.15175277
-0.15908158	-0.15129149
-0.16026710	-0.15129149
-0.16010286	-0.15359777
-0.15862526	-0.15359777
-0.15629689	-0.15544283
-0.15378037	-0.15774906
-0.15173526	-0.15590405
-0.15056300	-0.15267527
-0.15017319	-0.15083027
-0.15007712	-0.14714020
-0.14974974	-0.14114392
-0.14889723	-0.14022142
-0.14749400	-0.14068264
-0.14569125	-0.14252770
-0.14371306	-0.14345020
-0.14177901	-0.14575648
-0.14006560	-0.15221405
-0.13869020	-0.15774906
