0.00002600	0.00000000
0.04248129	0.04045737
0.07296598	0.07299912
0.10222410	0.10026383
0.11591856	0.11543536
0.12878527	0.12752855
0.13851325	0.13720322
0.14417593	0.13984168
0.14761747	0.13984168
0.15119810	0.15171504
0.15544407	0.15875113
0.15906025	0.15523303
0.16072939	0.15787160
0.16053914	0.16007042
0.15974887	0.16446793
0.16008095	0.15743184
0.16378823	0.16226912
0.17314297	0.17194366
0.18805847	0.18821454
0.20523544	0.20536494
0.22050799	0.23131049
0.23053992	0.23702729
0.23292686	0.23702729
0.22685571	0.23087072
0.21443613	0.21108174
0.20097046	0.19525063
0.19298260	0.19744945
0.19407895	0.19964814
0.20370530	0.20844328
0.21866168	0.22867191
0.23439990	0.24142480
0.24636929	0.24318385
0.25111765	0.24890065
0.24720854	0.24758136
0.23578273	0.22823215
0.22023912	0.21899736
0.20487465	0.20228672
0.19292521	0.18557608
0.18497245	0.18161833
0.17898776	0.17810023
0.17230685	0.16314864
0.16359574	0.16007042
0.15313263	0.15259457
0.14204109	0.13500440
0.13154891	0.12401056
0.12254395	0.12313104
0.11529611	0.11873353
0.10922638	0.11081791
0.10285819	0.09806514
0.09436747	0.08970976
0.08271329	0.07387865
0.06832926	0.06200528
0.05310535	0.05057168
0.04040033	0.03979766
0.03420033	0.03562009
0.03720058	0.04661393
0.04934815	0.05474937
0.06770716	0.07189977
0.08768501	0.09454703
0.10509611	0.11455584
0.11773206	0.12423038
0.12533049	0.12840807
0.12848003	0.12664902
0.12778269	0.12708879
0.12372075	0.11873353
0.11687164	0.11389625
0.10807711	0.11257696
0.09841530	0.11213720
0.08900544	0.10224271
0.08076817	0.09256816
0.07427110	0.08311343
0.06971459	0.07124007
0.06701173	0.05958664
0.06587318	0.05826735
0.06584014	0.05650830
0.06626014	0.05760777
0.06623864	0.06288481
0.06461850	0.06354439
0.06004573	0.05936670
0.05117889	0.05189097
0.03708281	0.03496039
0.01783310	0.01033425
-0.00483630	-0.01319259
-0.02770884	-0.04045737
-0.04766931	-0.05452949
-0.06307583	-0.06002641
-0.07363556	-0.06420404
-0.07986496	-0.06486368
-0.08295217	-0.06442392
-0.08456762	-0.06684256
-0.08635809	-0.07805628
-0.08943342	-0.09036940
-0.09416723	-0.10532105
-0.10027954	-0.11763412
-0.10684006	-0.12554967
-0.11228253	-0.12774849
-0.11532600	-0.12313104
-0.11615755	-0.11565524
-0.11552688	-0.10861915
-0.11298077	-0.10334212
-0.10754782	-0.09784520
-0.09973978	-0.09718555
-0.09151743	-0.09850484
-0.08460838	-0.08992964
-0.07949435	-0.08355319
-0.07569605	-0.07651716
-0.07254212	-0.06794196
-0.06969953	-0.06046611
-0.06731030	-0.06156552
-0.06584522	-0.06266493
-0.06582125	-0.06354439
-0.06753593	-0.06618291
-0.07091855	-0.06464380
-0.07552050	-0.06904131
-0.08060265	-0.07717681
-0.08529305	-0.08377308
-0.08883511	-0.09102905
-0.09098641	-0.09674585
-0.09249266	-0.09806508
-0.09515575	-0.10180300
-0.10096775	-0.11103779
-0.11080191	-0.11543536
-0.12383552	-0.12818819
-0.13814536	-0.14489883
-0.15182032	-0.15743184
-0.16368477	-0.16732627
-0.17335363	-0.17985928
-0.18093733	-0.18777484
-0.18676442	-0.19063324
-0.19124936	-0.19854879
-0.19485541	-0.20250660
-0.19808380	-0.20360601
-0.20149913	-0.20382583
-0.20584817	-0.20118731
-0.21220706	-0.20074761
-0.22176223	-0.21657872
-0.23497762	-0.23812664
-0.25103852	-0.26011431
-0.26842403	-0.28188217
-0.28582093	-0.30123132
-0.30259416	-0.30804747
-0.31868780	-0.31398416
-0.33413741	-0.33179420
-0.34865680	-0.35268247
-0.36159420	-0.37313104
-0.37222844	-0.38654351
-0.38015482	-0.39643800
-0.38544396	-0.39291996
-0.38844389	-0.39226031
-0.38940635	-0.38632363
-0.38823968	-0.38984168
-0.38461778	-0.38566405
-0.37850082	-0.38016713
-0.37079003	-0.37005275
-0.36342165	-0.36411607
-0.35842931	-0.35664028
-0.35675865	-0.35993844
-0.35801145	-0.36433595
-0.36100286	-0.36917329
-0.36436012	-0.37335092
-0.36686501	-0.37093228
-0.36760816	-0.36257696
-0.36603749	-0.35773969
-0.36194524	-0.35114336
-0.35543063	-0.34234828
-0.34687111	-0.33817065
-0.33691740	-0.33531225
-0.32649732	-0.32519788
-0.31676319	-0.31816185
-0.30888703	-0.30672824
-0.30365515	-0.30057168
-0.30101353	-0.29727352
-0.29996482	-0.29925239
-0.29907668	-0.30035180
-0.29729190	-0.30123132
-0.29443663	-0.29815304
-0.29119036	-0.29771328
-0.28870901	-0.29353565
-0.28817004	-0.29177660
-0.29038879	-0.29661387
-0.29553118	-0.30013192
-0.30297062	-0.30189097
-0.31141621	-0.31068599
-0.31936395	-0.32058048
-0.32563785	-0.32607740
-0.32966045	-0.33663148
-0.33131924	-0.34476691
-0.33066323	-0.33861035
-0.32775638	-0.32673705
-0.32281378	-0.31882143
-0.31648317	-0.30936676
-0.30999953	-0.29815304
-0.30499789	-0.30057168
-0.30299297	-0.30650836
-0.30474779	-0.31200528
-0.30994669	-0.31486368
-0.31748989	-0.32211959
-0.32618627	-0.32519788
-0.33529517	-0.33311343
-0.34461227	-0.34564644
-0.35413185	-0.35905892
-0.36351189	-0.36939311
-0.37166712	-0.37576956
-0.37682751	-0.37357080
-0.37722775	-0.36895341
-0.37217578	-0.36389619
-0.36281294	-0.35202289
-0.35195312	-0.34366757
-0.34299660	-0.34190851
-0.33852673	-0.34124893
-0.33935174	-0.33927000
-0.34446794	-0.34498680
-0.35187319	-0.35378188
-0.35962924	-0.35883904
-0.36650723	-0.36411607
-0.37203085	-0.36983287
-0.37620932	-0.37335092
-0.37928095	-0.37247139
-0.38156614	-0.37203169
-0.38338715	-0.37093228
-0.38501114	-0.37247139
-0.38661298	-0.37862796
-0.38826546	-0.38500440
-0.38995144	-0.39445913
-0.39157507	-0.40083551
-0.39294797	-0.40259457
-0.39374676	-0.40083551
-0.39347360	-0.39797711
-0.39149123	-0.39313984
-0.38715318	-0.38764292
-0.37991455	-0.37489009
-0.36956403	-0.36125767
-0.35682747	-0.35026383
-0.34361091	-0.33685136
-0.33220902	-0.32673705
-0.32421139	-0.32343888
-0.32003757	-0.32189971
-0.31919098	-0.32431841
-0.32079968	-0.32563764
-0.32403845	-0.32629728
-0.32830361	-0.33157432
