0.00055373	0.00000000
-0.17757283	-0.17793018
-0.28526303	-0.28827918
-0.32795709	-0.32882792
-0.34009773	-0.33851117
-0.34972391	-0.35182571
-0.36248410	-0.36231589
-0.37613705	-0.37966514
-0.38778380	-0.39156747
-0.39570791	-0.39519870
-0.39940694	-0.39943516
-0.39946774	-0.40125078
-0.39732596	-0.39701432
-0.39466879	-0.39862818
-0.39284888	-0.39499700
-0.39262500	-0.39499700
-0.39420950	-0.39761955
-0.39745793	-0.39983863
-0.40205643	-0.40104902
-0.40764070	-0.41093403
-0.41385025	-0.41597742
-0.42034531	-0.42001212
-0.42681757	-0.42969537
-0.43300635	-0.43453699
-0.43872145	-0.44119430
-0.44386429	-0.44764978
-0.44843754	-0.45249140
-0.45254058	-0.45128101
-0.45634642	-0.45571917
-0.46006027	-0.45975387
-0.46385312	-0.46681458
-0.46777847	-0.46963888
-0.47169232	-0.47448051
-0.47522241	-0.47548920
-0.47782674	-0.47690135
-0.47891679	-0.47327012
-0.47795695	-0.47387534
-0.47446999	-0.47468227
-0.46800420	-0.47811174
-0.45821342	-0.46056080
-0.44510111	-0.44664109
-0.42935967	-0.42989713
-0.41265178	-0.41053057
-0.39768386	-0.38531369
-0.38783732	-0.38833970
-0.38606051	-0.38975185
-0.39310637	-0.39963686
-0.40640426	-0.41456527
-0.42122659	-0.42445028
-0.43347061	-0.43231791
-0.44152948	-0.44260639
-0.44623485	-0.44623762
-0.44958648	-0.44785154
-0.45325950	-0.45995563
-0.45755699	-0.46116602
-0.46074298	-0.45571917
-0.45846599	-0.45228970
-0.44452012	-0.44724631
-0.41456649	-0.40689933
-0.37020576	-0.35626388
-0.31892025	-0.31026828
-0.27027914	-0.26810569
-0.23247555	-0.21726853
-0.21075456	-0.20556790
-0.20667355	-0.21121645
-0.21779431	-0.21787369
-0.23845451	-0.23703855
-0.26173845	-0.26528144
-0.28165451	-0.28263062
-0.29437479	-0.29392779
-0.29824522	-0.30683881
-0.29312646	-0.28464800
-0.27982306	-0.27234215
-0.26006427	-0.25095826
-0.23701052	-0.22896916
-0.21560183	-0.20536613
-0.20166950	-0.20919913
-0.19962193	-0.20314705
-0.21034473	-0.20980430
-0.23107220	-0.23320556
-0.25696516	-0.26064152
-0.28317788	-0.28363931
-0.30663112	-0.30804920
-0.32614735	-0.33366954
-0.34073037	-0.34234416
-0.34834558	-0.34597540
-0.34637117	-0.34375632
-0.33347186	-0.33508170
-0.31174418	-0.30280411
-0.28665844	-0.28061330
-0.26430705	-0.25862420
-0.24869810	-0.24389750
-0.24125920	-0.23562640
-0.24191557	-0.25176519
-0.24998502	-0.25781721
-0.26436070	-0.27718377
-0.28348884	-0.29655033
-0.30543202	-0.31309259
-0.32789347	-0.33528346
-0.34816331	-0.35848296
-0.36331028	-0.36877143
-0.37110719	-0.37260437
-0.37148115	-0.37563044
-0.36696312	-0.36756104
-0.36115071	-0.36211419
-0.35683879	-0.35747427
-0.35514060	-0.35303611
-0.35541603	-0.35122049
-0.35694876	-0.35727257
-0.36056390	-0.36433327
-0.36743385	-0.36998183
-0.37725767	-0.37502521
-0.38835299	-0.38672584
-0.39894506	-0.40125078
-0.40789944	-0.40730280
-0.41480705	-0.41940689
-0.41983965	-0.43292314
-0.42351463	-0.43413353
-0.42646697	-0.42787975
-0.42928150	-0.43231791
-0.43238312	-0.43090582
-0.43598846	-0.42828321
-0.44010904	-0.43211621
-0.44459558	-0.44422030
-0.44920874	-0.45168447
-0.45369568	-0.45672786
-0.45785552	-0.46378857
-0.46158230	-0.47064757
-0.46488425	-0.46903372
-0.46788192	-0.47165626
-0.47079006	-0.48234820
-0.47388551	-0.48920721
-0.47746325	-0.48840022
-0.48179311	-0.49061930
-0.48708677	-0.49203146
-0.49347851	-0.48880368
-0.50101560	-0.49283838
-0.50965589	-0.51361710
-0.51926547	-0.53056288
-0.52961713	-0.54246521
-0.54038984	-0.55154324
-0.55118042	-0.55699015
-0.56153816	-0.56223524
-0.57101446	-0.57272542
-0.57920408	-0.58402258
-0.58576852	-0.59249544
-0.59045261	-0.59854752
-0.59310865	-0.59330237
-0.59372658	-0.58704865
-0.59245223	-0.58261049
-0.58958405	-0.58220696
-0.58553964	-0.58361912
-0.58079857	-0.57615495
-0.57583600	-0.56828725
-0.57106429	-0.56163001
-0.56679702	-0.55557799
-0.56323665	-0.55719185
-0.56048566	-0.56606817
-0.55856627	-0.57090986
-0.55744433	-0.57514626
-0.55704874	-0.57776880
-0.55728680	-0.56828725
-0.55805498	-0.56284046
-0.55924827	-0.55900747
-0.56076747	-0.55618322
-0.56252414	-0.55719185
-0.56444436	-0.56243694
-0.56646639	-0.56364739
-0.56853789	-0.56566471
-0.57061046	-0.56465602
-0.57263625	-0.56122655
-0.57456619	-0.55860400
-0.57634979	-0.55840230
-0.57793838	-0.55900747
-0.57928598	-0.56324387
-0.58035284	-0.56869078
-0.58110625	-0.57655841
-0.58152241	-0.58664513
-0.58158702	-0.59653020
-0.58129507	-0.60823083
-0.58065122	-0.61428285
-0.57966894	-0.61730886
-0.57837027	-0.61307240
-0.57678568	-0.60722208
-0.57495320	-0.58785558
-0.57291871	-0.55880570
-0.57073534	-0.54327214
-0.56846327	-0.53237844
-0.56616861	-0.52350211
-0.56392205	-0.52289689
-0.56179750	-0.53681660
-0.55986828	-0.53863227
-0.55820286	-0.54206169
-0.55686003	-0.54448259
-0.55588335	-0.54791200
-0.55529481	-0.55577970
-0.55509084	-0.56465602
-0.55523860	-0.57090986
-0.55567461	-0.57272542
-0.55630481	-0.57474279
-0.55700701	-0.57131326
-0.55763602	-0.56223524
-0.55803698	-0.55376232
-0.55807376	-0.55154324
-0.55768210	-0.55154324
-0.55694991	-0.54710507
-0.55618817	-0.54609644
-0.55590105	-0.54892075
-0.55653828	-0.55235022
-0.55801815	-0.55577970
-0.55933374	-0.56203347
-0.55878145	-0.56485778
-0.55489564	-0.54488599
-0.54728884	-0.53399229
-0.53670549	-0.51987088
-0.52449745	-0.51381886
-0.51210827	-0.50574946
-0.50082076	-0.50171471
-0.49166694	-0.49384707
-0.48535758	-0.49082106
-0.48218518	-0.47649789
-0.48194280	-0.47145450
-0.48391917	-0.48093605
-0.48700812	-0.48638290
-0.48991945	-0.49384707
-0.49143210	-0.50494254
-0.49061659	-0.50494254
-0.48696503	-0.48154128
-0.48042527	-0.46237642
-0.47136369	-0.44179946
-0.46049464	-0.42606413
-0.44879922	-0.41436350
-0.43743670	-0.42404681
-0.42765379	-0.42323989
-0.42068982	-0.42263466
-0.41763505	-0.42263466
-0.41914135	-0.42646760
-0.42497084	-0.44099253
-0.43369249	-0.45632440
-0.44304904	-0.46177125
-0.45098856	-0.46378857
