-0.00051231	0.00000000
0.00876917	0.01060903
0.02006801	0.01886046
0.03345649	0.02357566
0.02030073	0.02278984
0.01230134	0.01335955
-0.00020610	-0.00157171
-0.01193248	-0.01414537
-0.02158679	-0.02318269
-0.02786575	-0.02868372
-0.03087403	-0.03182709
-0.03165488	-0.03300589
-0.03170498	-0.03693515
-0.03230517	-0.04047149
-0.03393175	-0.04204321
-0.03618754	-0.03929275
-0.03834273	-0.03889978
-0.03975452	-0.03457761
-0.04003467	-0.03143418
-0.03911711	-0.03497052
-0.03722076	-0.03929275
-0.03474532	-0.04086447
-0.03214000	-0.04282910
-0.02974482	-0.04047149
-0.02762733	-0.03339881
-0.02548109	-0.03064835
-0.02268033	-0.01768172
-0.01853822	-0.00628686
-0.01268302	-0.00157171
-0.00537936	0.00157166
0.00234984	0.01100194
0.00891485	0.00825143
0.01277292	0.00628686
0.01322349	0.00550103
0.01069018	0.00471509
0.00621501	0.00550103
0.00074873	0.00471509
-0.00514131	0.00275052
-0.01111866	-0.00196463
-0.01677776	-0.00785857
-0.02146533	-0.02003932
-0.02438730	-0.02593321
-0.02499714	-0.03143418
-0.02343413	-0.02868372
-0.02066563	-0.01925343
-0.01818622	-0.01453829
-0.01745352	-0.01414537
-0.01937707	-0.01178783
-0.02404436	-0.01807463
-0.03070657	-0.03064835
-0.03800008	-0.04086447
-0.04433601	-0.04479373
-0.04829327	-0.04990178
-0.04885102	-0.05108052
-0.04543644	-0.04518664
-0.03789710	-0.03261298
-0.02651292	-0.01925343
-0.01208697	-0.00864440
0.00397896	0.01139486
0.01981636	0.02907658
0.03354423	0.04047155
0.04385152	0.04518664
0.05031056	0.05225933
0.05325828	0.04950881
0.05344214	0.04872298
0.05168737	0.04990172
0.04868447	0.04950881
0.04487363	0.04675829
0.04039165	0.04361498
0.03505995	0.03497052
0.02843199	0.02357566
0.01993710	0.01650298
0.00919211	0.00746560
-0.00349106	-0.00314343
-0.01658661	-0.01768172
-0.02738824	-0.02278978
-0.03309153	-0.02789783
-0.03248002	-0.02436149
-0.02700368	-0.01846761
-0.02036673	-0.01532418
-0.01665473	-0.01728880
-0.01810656	-0.02554029
-0.02436308	-0.03497052
-0.03361601	-0.04597247
-0.04395135	-0.05029470
-0.05397223	-0.05540276
-0.06299007	-0.06011790
-0.07094806	-0.06679761
-0.07815577	-0.07269156
-0.08501726	-0.08251476
-0.09185480	-0.09194499
-0.09882548	-0.09862477
-0.10590921	-0.10726917
-0.11295436	-0.11630648
-0.11976103	-0.12337917
-0.12615542	-0.13163066
-0.13200085	-0.13831043
-0.13714567	-0.14341849
-0.14136891	-0.14499021
-0.14439341	-0.14616895
-0.14596601	-0.14616895
-0.14594394	-0.14341849
-0.14433943	-0.14027506
-0.14131126	-0.14027506
-0.13712361	-0.13673872
-0.13209622	-0.13123775
-0.12656359	-0.12848723
-0.12084681	-0.12888014
-0.11523618	-0.11669940
-0.10997936	-0.11198431
-0.10527402	-0.10805500
-0.10125926	-0.09980351
-0.09801187	-0.09233791
-0.09554513	-0.09194499
-0.09381050	-0.08801574
-0.09270348	-0.08408642
-0.09207160	-0.08644402
-0.09172215	-0.08565813
-0.09143169	-0.08958745
-0.09095296	-0.09351671
-0.09002283	-0.09508842
-0.08837059	-0.08722985
-0.08573212	-0.08290768
-0.08186933	-0.07937133
-0.07659771	-0.07111984
-0.06982256	-0.06601179
-0.06157650	-0.06011790
-0.05205563	-0.04872298
-0.04164040	-0.03497052
-0.03089133	-0.02554029
-0.02050968	-0.01453829
-0.01125921	-0.00825149
-0.00385831	-0.00353634
0.00113641	-0.00353634
0.00342010	0.00000000
0.00297829	0.00117874
0.00005564	-0.00117880
-0.00492474	-0.01100194
-0.01146447	-0.01728880
-0.01907936	-0.02514732
-0.02734860	-0.02907664
-0.03591277	-0.03575641
-0.04442249	-0.04361492
-0.05247241	-0.05304521
-0.05961347	-0.06561887
-0.06558028	-0.07779962
-0.07071895	-0.08526522
-0.07614645	-0.08998036
-0.08318369	-0.09037328
-0.09263705	-0.09273082
-0.10468061	-0.11355597
-0.11897406	-0.13241649
-0.13469359	-0.14734775
-0.15077347	-0.16738701
-0.16631928	-0.18506879
-0.18083562	-0.18899804
-0.19415843	-0.20078588
-0.20623003	-0.21296662
-0.21702532	-0.22239685
-0.22709633	-0.23104125
-0.23780149	-0.23811394
-0.24793305	-0.23850685
-0.25252458	-0.23536348
-0.24858768	-0.23143417
-0.23846988	-0.22554028
-0.22740132	-0.22161102
-0.21897678	-0.21925342
-0.21391530	-0.21610999
-0.21129766	-0.21257365
-0.20984119	-0.21060902
-0.20849533	-0.20432222
-0.20656902	-0.19882125
-0.20371011	-0.19685656
-0.19993646	-0.19489193
-0.19571786	-0.19174850
-0.19197099	-0.19135559
-0.18982080	-0.19253439
-0.19012021	-0.19332021
-0.19300099	-0.19685656
-0.19786359	-0.20039290
-0.20381232	-0.20117879
-0.21005650	-0.20235759
-0.21600536	-0.20864439
-0.22124605	-0.21414536
-0.22558020	-0.21925342
-0.22904702	-0.22907662
-0.23184820	-0.23850685
-0.23420970	-0.23968565
-0.23626409	-0.23929274
-0.23800714	-0.23811394
-0.23934059	-0.23536348
-0.24012701	-0.22829074
-0.24017830	-0.22593319
-0.23926303	-0.22514737
-0.23734114	-0.22907662
-0.23491590	-0.23261297
-0.23307098	-0.23536348
-0.23295426	-0.23457760
-0.23497315	-0.23654222
-0.23826069	-0.23418468
-0.24087055	-0.23064834
-0.24082161	-0.23025542
-0.23739024	-0.22868371
-0.23141210	-0.22671908
-0.22450386	-0.22200394
-0.21827821	-0.21807468
-0.21392651	-0.21335953
-0.21205021	-0.21218073
-0.21270366	-0.20825148
-0.21559857	-0.20746565
-0.22034504	-0.21100199
-0.22660662	-0.22082514
-0.23412146	-0.23143417
-0.24262814	-0.24400789
-0.25177634	-0.26129669
-0.26108509	-0.27662081
-0.26997915	-0.28447938
-0.27789137	-0.29076618
-0.28438798	-0.29508841
-0.28926879	-0.29626721
-0.29260269	-0.29508841
-0.29469299	-0.29469550
-0.29598930	-0.29548132
-0.29697695	-0.29823184
-0.29806778	-0.30255401
-0.29950923	-0.30726916
-0.30131355	-0.31394893
-0.30321983	-0.31905699
-0.30470848	-0.31709236
-0.30512309	-0.31001967
-0.30394417	-0.30412573
-0.30112472	-0.29351670
-0.29720309	-0.28722984
-0.29300496	-0.28762281
-0.28919449	-0.28762281
-0.28605700	-0.28644401
-0.28357255	-0.28919452
-0.28165835	-0.28644401
-0.28042489	-0.28015715
-0.28024662	-0.28015715
-0.28153601	-0.27779961
