0.00078438	0.00000000
0.00260359	0.00498199
0.01861854	0.01594257
0.02817066	0.02630532
0.03898413	0.03626859
0.04800420	0.04424095
0.05462258	0.05320919
0.05859946	0.05918825
0.06143646	0.06417036
0.06370889	0.06417036
0.06546377	0.06118023
0.06656961	0.06317222
0.06689619	0.06217623
0.06638138	0.05918610
0.06508724	0.05719411
0.06322823	0.05918610
0.06112398	0.05918610
0.05908765	0.05818796
0.05733080	0.06018209
0.05595331	0.06117809
0.05497552	0.06018209
0.05436961	0.05519998
0.05408241	0.05121505
0.05404229	0.04623246
0.05414625	0.04922259
0.05424221	0.04723012
0.05412789	0.04723012
0.05357440	0.05221319
0.05237816	0.05520153
0.05043061	0.05021906
0.04779352	0.04922259
0.04475282	0.04324448
0.04181339	0.03427589
0.03961106	0.03029096
0.03874825	0.03128743
0.03961413	0.03826249
0.04226036	0.04922283
0.04638173	0.05819130
0.05139305	0.06317437
0.05656879	0.06217790
0.06119728	0.05918777
0.06471507	0.05320954
0.06678966	0.05819178
0.06733358	0.06018376
0.06645192	0.06516635
0.06435046	0.06716049
0.06124169	0.06815648
0.05728509	0.06217623
0.05257702	0.05520117
0.04718904	0.04623294
0.04124177	0.03327906
0.03499748	0.02730095
0.02896005	0.02132308
0.02396206	0.01634121
0.02113834	0.01534486
0.02153941	0.02530861
0.02532053	0.02730143
0.03122451	0.03327918
0.03675490	0.04125011
0.03911215	0.04224634
0.03689452	0.03327906
0.03077477	0.02730060
0.02273540	0.01833379
0.01496458	0.00936651
0.00907754	0.00737393
0.00578126	0.00936675
0.00488150	0.01135969
0.00548147	0.01135969
0.00627058	0.00856960
0.00595220	0.00956595
0.00393815	0.00856960
0.00100647	0.00657666
-0.00105055	0.00199306
-0.00093704	0.00239170
0.00118596	-0.00358689
0.00418145	-0.00358689
0.00673706	-0.00059760
0.00774436	0.00398600
0.00644034	0.00637746
0.00251185	0.00797176
-0.00381577	0.00318897
-0.01179471	-0.00677520
-0.02039600	-0.01813436
-0.02873960	-0.03327978
-0.03640425	-0.04603386
-0.04335915	-0.05420446
-0.04968412	-0.05779165
-0.05539470	-0.05978447
-0.06044267	-0.06058174
-0.06477663	-0.06098032
-0.06838134	-0.06476671
-0.07128337	-0.06935018
-0.07353927	-0.07273793
-0.07521552	-0.07214010
-0.07637314	-0.07194090
-0.07706360	-0.07473099
-0.07733339	-0.07313675
-0.07723282	-0.07512963
-0.07682067	-0.07831812
-0.07616650	-0.08130717
-0.07534818	-0.08170563
-0.07444858	-0.08310062
-0.07354830	-0.08170563
-0.07271858	-0.07951337
-0.07201400	-0.07791907
-0.07146747	-0.07393360
-0.07109004	-0.07473058
-0.07087420	-0.07632506
-0.07080118	-0.06875235
-0.07084860	-0.06496602
-0.07099719	-0.06018329
-0.07123473	-0.05460352
-0.07155680	-0.05021924
-0.07196498	-0.05619752
-0.07246412	-0.05719399
-0.07305926	-0.06217593
-0.07375333	-0.06855297
-0.07454578	-0.07034665
-0.07543261	-0.07293731
-0.07640670	-0.07692301
-0.07745931	-0.08449590
-0.07858189	-0.08688718
-0.07976750	-0.09346342
-0.08101289	-0.10083681
-0.08231926	-0.10621738
-0.08369412	-0.10462314
-0.08515123	-0.10581905
-0.08671097	-0.10701460
-0.08840016	-0.10641676
-0.09025149	-0.10860884
-0.09230250	-0.11020315
-0.09459403	-0.10223168
-0.09716944	-0.09206831
-0.10007165	-0.08290142
-0.10334243	-0.07353508
-0.10701931	-0.07114363
-0.11113329	-0.07951349
-0.11570565	-0.09127116
-0.12074491	-0.10143441
-0.12624191	-0.11239499
-0.13216616	-0.11857277
-0.13846250	-0.12594616
-0.14505062	-0.14009553
-0.15182954	-0.15763241
-0.15868266	-0.17158234
-0.16548653	-0.18732560
-0.17211735	-0.20107621
-0.17845775	-0.20127541
-0.18440428	-0.19908339
-0.18986711	-0.19828612
-0.19475646	-0.19788760
-0.19895114	-0.19529682
-0.20226867	-0.19390184
-0.20446084	-0.18911886
-0.20526536	-0.18513334
-0.20451610	-0.18134701
-0.20228024	-0.18174559
-0.19893305	-0.18593055
-0.19504730	-0.18971705
-0.19104145	-0.19270623
-0.18687628	-0.19071329
-0.18229820	-0.18373823
-0.17732085	-0.17576700
-0.17227450	-0.16938984
-0.16756685	-0.16460705
-0.16352449	-0.16420841
-0.16038309	-0.16759634
-0.15831174	-0.16938984
-0.15738426	-0.17118347
-0.15751530	-0.17058563
-0.15843223	-0.16540450
-0.15973343	-0.15823025
-0.16101632	-0.15404534
-0.16200046	-0.14946175
-0.16258292	-0.14866459
-0.16281058	-0.15085661
-0.16280268	-0.15484232
-0.16267239	-0.15922672
-0.16247930	-0.16620147
-0.16222106	-0.16819441
-0.16184908	-0.16779578
-0.16129011	-0.16978842
-0.16045921	-0.17098409
-0.15926136	-0.16859281
-0.15758635	-0.16580290
-0.15531765	-0.16779578
-0.15236691	-0.16341168
-0.14871228	-0.15703464
-0.14436832	-0.14746910
-0.13928522	-0.13870066
-0.13339525	-0.12793928
-0.12691270	-0.12096447
-0.12048116	-0.11279380
-0.11483578	-0.10601819
-0.11031680	-0.10043842
-0.10668675	-0.09386218
-0.10330038	-0.08828217
-0.09941764	-0.08290166
-0.09446637	-0.08230388
-0.08819182	-0.08310086
-0.08070582	-0.07672369
-0.07246140	-0.07154226
-0.06417513	-0.06456739
-0.05671552	-0.05759239
-0.05095731	-0.04802698
-0.04760540	-0.04782766
-0.04702389	-0.04523700
-0.04913615	-0.04902333
-0.05342054	-0.05241126
-0.05898239	-0.06078112
-0.06469148	-0.06616169
-0.06942448	-0.07114387
-0.07240011	-0.07612586
-0.07343988	-0.07871652
-0.07295588	-0.07991213
-0.07168437	-0.07891572
-0.07036893	-0.07851708
-0.06955617	-0.07453156
-0.06952161	-0.07014722
-0.07028964	-0.06835377
-0.07171495	-0.07214028
-0.07360625	-0.07433236
-0.07584286	-0.07612586
-0.07841774	-0.08150661
-0.08136030	-0.08250302
-0.08457050	-0.08170581
-0.08764051	-0.08449572
-0.08975293	-0.08469510
-0.08982067	-0.08529288
-0.08733769	-0.08529288
-0.08403109	-0.08569151
-0.08308378	-0.08330023
-0.08428138	-0.08409727
-0.08421996	-0.08489436
-0.08158899	-0.08529276
-0.07689919	-0.08549196
-0.07071634	-0.07492995
-0.06333295	-0.06396943
-0.05494283	-0.05121541
-0.04579307	-0.03746498
-0.03623945	-0.01743710
