-0.00015864	0.00000000
0.00290689	0.00196779
0.01098728	0.00787067
0.00622030	0.00762498
0.00739671	0.00762498
0.01444049	0.01303589
0.01633088	0.01278961
0.01690968	0.01623285
0.01711612	0.01623285
0.01605092	0.01426554
0.01280759	0.01082242
0.00800546	0.00860882
0.00377529	0.00491941
0.00114957	-0.00073713
-0.00141975	-0.00270486
-0.00584121	-0.00786966
-0.01128955	-0.01205045
-0.01458765	-0.01229614
-0.01349047	-0.01303434
-0.00838890	-0.01524782
-0.00132404	-0.00811583
0.00563961	0.00123024
0.01133311	0.00614917
0.01555726	0.01328158
0.01868698	0.02434909
0.02122238	0.02656269
0.02351859	0.02557886
0.02572114	0.02754617
0.02782577	0.02853000
0.02976649	0.02975965
0.03146893	0.02853000
0.03285934	0.02705407
0.03386304	0.02705407
0.03444084	0.02803755
0.03468138	0.02631593
0.03489780	0.03369415
0.03561330	0.04156435
0.03734225	0.04500747
0.04021397	0.04599130
0.04368059	0.05017269
0.04665262	0.04672945
0.04821859	0.04304075
0.04848014	0.04623806
0.04836185	0.05041933
0.04825024	0.04869723
0.04746652	0.05263233
0.04505928	0.05091083
0.04012804	0.04304075
0.03167859	0.02902186
0.01901391	0.01869261
0.00260866	-0.00344211
-0.01550072	-0.01893669
-0.03246598	-0.03147960
-0.04596496	-0.04230142
-0.05503279	-0.05238509
-0.05998118	-0.05361480
-0.06180830	-0.05754983
-0.06163416	-0.06099290
-0.06039533	-0.06025475
-0.05877460	-0.06148440
-0.05725432	-0.06246829
-0.05618914	-0.06246829
-0.05584929	-0.06197631
-0.05642349	-0.06246829
-0.05799961	-0.06123865
-0.06054885	-0.06222254
-0.06393757	-0.06246829
-0.06797290	-0.06517369
-0.07245877	-0.07033849
-0.07720894	-0.07304394
-0.08195490	-0.07476544
-0.08616882	-0.07894683
-0.08901569	-0.08312809
-0.08981390	-0.08534157
-0.08894312	-0.09222782
-0.08802578	-0.09493333
-0.08873332	-0.09690058
-0.09169403	-0.09813017
-0.09655323	-0.09837651
-0.10262212	-0.09862220
-0.10938917	-0.10231107
-0.11665376	-0.10968924
-0.12439711	-0.11780506
-0.13259490	-0.13157767
-0.14110097	-0.14116931
-0.14963670	-0.14953148
-0.15786467	-0.15518814
-0.16549763	-0.16551799
-0.17239238	-0.17240429
-0.17858939	-0.18101263
-0.18428902	-0.19011235
-0.18978301	-0.19847453
-0.19536203	-0.20142567
-0.20121528	-0.20093375
-0.20733666	-0.20093375
-0.21347557	-0.20634466
-0.21917497	-0.21224749
-0.22389600	-0.21716648
-0.22717322	-0.22331512
-0.22873262	-0.22725016
-0.22854598	-0.22774214
-0.22680905	-0.22429901
-0.22385918	-0.22036391
-0.22007346	-0.21519917
-0.21579196	-0.21323138
-0.21129018	-0.20511502
-0.20678566	-0.19773680
-0.20246263	-0.19429368
-0.19849890	-0.19257212
-0.19509766	-0.18986666
-0.19252878	-0.19011289
-0.19116344	-0.19232637
-0.19141790	-0.19330978
-0.19351041	-0.19675291
-0.19715618	-0.20068800
-0.20158295	-0.20757425
-0.20597905	-0.21495247
-0.20997493	-0.21888751
-0.21379121	-0.21864182
-0.21804000	-0.22110158
-0.22335367	-0.22577435
-0.23001206	-0.22528237
-0.23770514	-0.23438215
-0.24554868	-0.24889284
-0.25240353	-0.25922221
-0.25734052	-0.26438695
-0.25991455	-0.27127320
-0.26010963	-0.27348673
-0.25815576	-0.25971365
-0.25444385	-0.25110590
-0.24954389	-0.24126840
-0.24421982	-0.23315251
-0.23938109	-0.22356081
-0.23598181	-0.22626626
-0.23491016	-0.22700393
-0.23690109	-0.23339826
-0.24247144	-0.24274373
-0.25183803	-0.25725442
-0.26481423	-0.27127320
-0.28075835	-0.28406233
-0.29865929	-0.29635954
-0.31734216	-0.30939436
-0.33567336	-0.33521837
-0.35266781	-0.35833693
-0.36751810	-0.37899566
-0.37962219	-0.39399832
-0.38862747	-0.40506589
-0.39444312	-0.39719576
-0.39719409	-0.39030945
-0.39711857	-0.38489908
-0.39444941	-0.38489908
-0.38935646	-0.37924242
-0.38202932	-0.37210989
-0.37290344	-0.36227196
-0.36289176	-0.35292596
-0.35342240	-0.34505576
-0.34615061	-0.34505576
-0.34236953	-0.34653169
-0.34235886	-0.34702361
-0.34512275	-0.34751558
-0.34876055	-0.34579396
-0.35119966	-0.34087503
-0.35094431	-0.33497214
-0.34759858	-0.33103704
-0.34189710	-0.32833159
-0.33525941	-0.32538038
-0.32916042	-0.32513469
-0.32461691	-0.32611859
-0.32194757	-0.32956171
-0.32082608	-0.32857835
-0.32054508	-0.32415134
-0.32035276	-0.31923234
-0.31972036	-0.31480533
-0.31845978	-0.30988628
-0.31668815	-0.30816430
-0.31469706	-0.30914760
-0.31280160	-0.31062353
-0.31123129	-0.30988580
-0.31009015	-0.30841047
-0.30937794	-0.31136215
-0.30904487	-0.30570555
-0.30903760	-0.30472165
-0.30931652	-0.30841094
-0.30984452	-0.31062448
-0.31056434	-0.30890298
-0.31138322	-0.31874090
-0.31217453	-0.32242972
-0.31279382	-0.32095391
-0.31310627	-0.32021570
-0.31301650	-0.31677258
-0.31249318	-0.31259131
-0.31158045	-0.31086969
-0.31038791	-0.31062400
-0.30905741	-0.30914867
-0.30771336	-0.30767280
-0.30641270	-0.30668944
-0.30510724	-0.30545980
-0.30363235	-0.30349201
-0.30172935	-0.30422968
-0.29909864	-0.30693513
-0.29548058	-0.30373776
-0.29074481	-0.29783535
-0.28496864	-0.28971946
-0.27848044	-0.28012776
-0.27184251	-0.27078176
-0.26576301	-0.26315731
-0.26094308	-0.25602484
-0.25790605	-0.25208980
-0.25687137	-0.25258172
-0.25771886	-0.25553292
-0.26003709	-0.25725496
-0.26322153	-0.25848460
-0.26658103	-0.26241964
-0.26943839	-0.26537085
-0.27122018	-0.26856828
-0.27153239	-0.27324098
-0.27022132	-0.27471679
-0.26740819	-0.26807630
-0.26349172	-0.26119006
-0.25910872	-0.24963105
-0.25504914	-0.24225283
-0.25212756	-0.23831773
-0.25102556	-0.24200660
-0.25213957	-0.24889284
-0.25547540	-0.26094383
-0.26063642	-0.26783007
-0.26691753	-0.27889764
-0.27348527	-0.28701407
-0.27958098	-0.29144108
-0.28467783	-0.29070336
-0.28854069	-0.29365456
-0.29118654	-0.29168677
-0.29278627	-0.29094857
-0.29356065	-0.29070288
-0.29371271	-0.29217821
-0.29340282	-0.29439169
-0.29275694	-0.29389977
-0.29188511	-0.29414600
-0.29089469	-0.29045665
-0.28989533	-0.28470170
-0.28899536	-0.27369338
