0.00159864	0.00000000
0.00191175	0.00075352
0.00677450	0.00678217
0.00853662	0.01356447
0.01763572	0.01544833
0.02457456	0.01996982
0.03006797	0.02110028
0.03461619	0.02750564
0.03901519	0.03617179
0.04343905	0.04785228
0.04788353	0.05576491
0.05219443	0.06028640
0.05615307	0.06141675
0.05957307	0.06066310
0.06238766	0.05802560
0.06469293	0.05463457
0.06672679	0.05915594
0.06878649	0.06330073
0.07107930	0.06706858
0.07353725	0.07196689
0.07568641	0.07611156
0.07675619	0.07648838
0.07615705	0.07385075
0.07409407	0.07083642
0.07170902	0.07008290
0.07045810	0.07196689
0.07128270	0.07234359
0.07432304	0.07422757
0.07921319	0.08063304
0.08551611	0.08176339
0.09299700	0.08854556
0.10154621	0.09984934
0.11071162	0.11416733
0.11925839	0.12622452
0.12544699	0.13074601
0.12807330	0.13376033
0.12739854	0.12999249
0.12514912	0.12660134
0.12368624	0.12057269
0.12497471	0.12622452
0.12984067	0.13112283
0.13771363	0.13978899
0.14689633	0.14468729
0.15524706	0.16126597
0.16095273	0.16503394
0.16303797	0.16654110
0.16146669	0.15938210
0.15693884	0.15335345
0.15056427	0.14280331
0.14354669	0.14091933
0.13693957	0.13187647
0.13149829	0.13338351
0.12762542	0.13526750
0.12540087	0.12735498
0.12466916	0.12434065
0.12515403	0.12810850
0.12655683	0.12697816
0.12860146	0.12245667
0.13101861	0.12848532
0.13351810	0.12923884
0.13580987	0.13187647
0.13766280	0.13602114
0.13894010	0.14167297
0.13957863	0.14091933
0.13954766	0.14204979
0.13883141	0.14129615
0.13743854	0.14129615
0.13541952	0.13865864
0.13287772	0.13489068
0.12997606	0.13112283
0.12694657	0.12547100
0.12410244	0.12019598
0.12184013	0.11642802
0.12061399	0.11981916
0.12085694	0.11793518
0.12282905	0.12547100
0.12641059	0.12773168
0.13091405	0.13300681
0.13503771	0.13526750
0.13707808	0.14054263
0.13545956	0.13451397
0.12951876	0.12886214
0.12027280	0.12132633
0.11060665	0.10324037
0.10432728	0.09269023
0.10438828	0.09080637
0.11155930	0.09909570
0.12430945	0.12396383
0.13946015	0.14694798
0.15317476	0.16729462
0.16231634	0.18010545
0.16566253	0.18048227
0.16411619	0.15862846
0.15987556	0.15297663
0.15531631	0.14807832
0.15225941	0.14468729
0.15183178	0.14920878
0.15471072	0.16314995
0.16132633	0.17219293
0.17166896	0.18274307
0.18475397	0.19140923
0.19842874	0.20082891
0.21029244	0.21100223
0.21915877	0.22117555
0.22543295	0.22682738
0.23012838	0.23474002
0.23380511	0.24039185
0.23628649	0.24114549
0.23698339	0.23963833
0.23534468	0.23323286
0.23114470	0.22645068
0.22455184	0.22042203
0.21604483	0.20987189
0.20626660	0.19555390
0.19588342	0.18801808
0.18548122	0.17972875
0.17550316	0.16917861
0.16622624	0.16428030
0.15776977	0.16164279
0.15012725	0.15297663
0.14321068	0.14581764
0.13689485	0.14280331
0.13105132	0.13413715
0.12556815	0.12735498
0.12035675	0.12245667
0.11535241	0.12019598
0.11051300	0.11190653
0.10582492	0.10851550
0.10131913	0.10550117
0.09709692	0.10248685
0.09334566	0.09532785
0.09027462	0.09306705
0.08785851	0.08666170
0.08542570	0.07987940
0.08155784	0.07083642
0.07469200	0.05990958
0.06401896	0.04860592
0.04991421	0.03466463
0.03356831	0.01883948
0.01629316	0.00866616
-0.00088832	0.00037682
-0.01727018	-0.00866616
-0.03234304	-0.02336097
-0.04572253	-0.04163527
-0.05713348	-0.06198192
-0.06636475	-0.07347399
-0.07320003	-0.08440089
-0.07745130	-0.08741522
-0.07915400	-0.08345890
-0.07873009	-0.07686514
-0.07691857	-0.07950264
-0.07455707	-0.08270538
-0.07237341	-0.07403916
-0.07086159	-0.06612659
-0.07025319	-0.06028634
-0.07055405	-0.05633008
-0.07160966	-0.05633008
-0.07317059	-0.06141675
-0.07494849	-0.06688017
-0.07665684	-0.07498115
-0.07803743	-0.07629991
-0.07887457	-0.07441598
-0.07900098	-0.07347399
-0.07829738	-0.07441598
-0.07669239	-0.07290882
-0.07416299	-0.07460439
-0.07073686	-0.07667673
-0.06649797	-0.07743031
-0.06159146	-0.06989449
-0.05622819	-0.05877918
-0.05068570	-0.04672194
-0.04530177	-0.03466463
-0.04045990	-0.02599847
-0.03656349	-0.02411455
-0.03399910	-0.02637529
-0.03309247	-0.03165036
-0.03406522	-0.03956294
-0.03700022	-0.04577994
-0.04182686	-0.05557650
-0.04832846	-0.06499624
-0.05616722	-0.07328558
-0.06491776	-0.07912582
-0.07410076	-0.08534288
-0.08321220	-0.08911079
-0.09175266	-0.09287870
-0.09926011	-0.10041445
-0.10535061	-0.10550112
-0.10976361	-0.10776186
-0.11240402	-0.10889226
-0.11336814	-0.11134136
-0.11294255	-0.10908061
-0.11156543	-0.10870385
-0.10975654	-0.11190653
-0.10802664	-0.11341369
-0.10679220	-0.11397892
-0.10631600	-0.11341369
-0.10668828	-0.11435568
-0.10784705	-0.11152977
-0.10961939	-0.11039943
-0.11176711	-0.11228335
-0.11402058	-0.11529768
-0.11610009	-0.11642802
-0.11773105	-0.11755842
-0.11866488	-0.11755842
-0.11870746	-0.11379051
-0.11775090	-0.10870385
-0.11579607	-0.10361719
-0.11295324	-0.10135645
-0.10941821	-0.09740013
-0.10542995	-0.09382063
-0.10122243	-0.09042954
-0.09698595	-0.08741522
-0.09284548	-0.08402413
-0.08885963	-0.08515447
-0.08503706	-0.08647323
-0.08136448	-0.08195180
-0.07784204	-0.07629991
-0.07452741	-0.07064807
-0.07159142	-0.06254709
-0.06936301	-0.05802560
-0.06831017	-0.06273550
-0.06891696	-0.06801057
-0.07148771	-0.07328558
-0.07595038	-0.08025622
-0.08172108	-0.08515447
-0.08769776	-0.08873397
-0.09249787	-0.09212512
-0.09507133	-0.09702337
-0.09549644	-0.10286361
-0.09508371	-0.10757345
-0.09532662	-0.10870385
-0.09680469	-0.10870385
-0.09902787	-0.10719669
-0.10097831	-0.10361719
-0.10175415	-0.10022604
-0.10094975	-0.10022604
-0.09875615	-0.09721178
-0.09588271	-0.09457421
-0.09331636	-0.09061795
-0.09196018	-0.09042954
-0.09234996	-0.09080631
