-0.00023070	0.00000000
0.00358997	0.00032365
0.00785776	0.00711977
0.00888087	0.01003242
0.01064556	0.00970876
0.02109890	0.01682854
0.03311692	0.02783167
0.04423775	0.03721678
0.05364339	0.05242717
0.06164257	0.06634307
0.06874548	0.07346272
0.07529168	0.07346272
0.08135726	0.08349514
0.08678080	0.08705497
0.09124003	0.08867311
0.09435962	0.08705497
0.09585245	0.09029126
0.09566735	0.08349514
0.09408589	0.08284795
0.09170237	0.08899677
0.08925803	0.09288025
0.08739765	0.09126210
0.08646709	0.09255660
0.08646874	0.08899677
0.08720843	0.08608413
0.08852489	0.08478963
0.09043738	0.08964396
0.09314460	0.08867311
0.09691922	0.09288025
0.10196620	0.09449840
0.10828581	0.10291266
0.11555654	0.10841429
0.12304904	0.12362456
0.12962086	0.13398063
0.13386622	0.13689315
0.13446261	0.13754046
0.13064934	0.13074434
0.12268744	0.11909389
0.11208488	0.10809064
0.10132007	0.09870553
0.09294464	0.09061491
0.08852600	0.08964396
0.08818932	0.08705497
0.09092511	0.08705497
0.09520908	0.09385109
0.09951761	0.10129452
0.10263181	0.10647249
0.10377173	0.11067963
0.10261498	0.11197412
0.09925123	0.10970879
0.09411560	0.10129452
0.08794363	0.09288025
0.08176243	0.08317149
0.07688978	0.07119739
0.07484058	0.06731391
0.07700604	0.07184470
0.08415002	0.08187699
0.09604989	0.09902918
0.11155526	0.12071192
0.12897895	0.14045310
0.14655156	0.15533984
0.16276585	0.16634309
0.17656472	0.17475724
0.18738918	0.18155336
0.19512787	0.18770230
0.20001440	0.19579291
0.20250297	0.20258904
0.20314437	0.20744336
0.20247589	0.20744336
0.20094086	0.20291257
0.19884072	0.19805825
0.19631754	0.19061494
0.19335799	0.18122983
0.18981679	0.17637539
0.18546192	0.17216825
0.18005013	0.16990292
0.17343181	0.16569579
0.16566136	0.16601944
0.15705951	0.16407764
0.14818025	0.15663433
0.13968281	0.14724922
0.13215593	0.13624597
0.12596868	0.12427187
0.12120678	0.11229777
0.11771445	0.10841429
0.11519931	0.10485435
0.11334643	0.10711980
0.11190185	0.10711980
0.11071924	0.11100328
0.10977735	0.11423945
0.10917765	0.11423945
0.10912707	0.11715209
0.10989848	0.11974108
0.11175939	0.12135923
0.11486594	0.12135923
0.11914785	0.12038839
0.12423709	0.12168288
0.12950267	0.12621355
0.13419993	0.13106799
0.13767983	0.13689315
0.13956825	0.14304209
0.13985610	0.14336574
0.13889362	0.14239478
0.13732439	0.14045310
0.13599263	0.13915861
0.13583876	0.14012945
0.13777721	0.14401293
0.14254774	0.14789641
0.15054677	0.15436888
0.16166885	0.16569579
0.17524514	0.17831719
0.19017074	0.19255662
0.20519002	0.21165049
0.21917738	0.22750807
0.23128046	0.23948216
0.24093981	0.25210357
0.24786954	0.26051784
0.25204143	0.26116502
0.25365695	0.26440132
0.25308782	0.25436890
0.25079590	0.25016177
0.24725936	0.24401295
0.24292822	0.23462784
0.23821260	0.22233009
0.23349591	0.22233009
0.22915606	0.21844661
0.22557105	0.21844661
0.22308651	0.22233009
0.22194450	0.22880256
0.22222494	0.23462784
0.22389574	0.23203886
0.22701377	0.23689318
0.23188953	0.24142396
0.23877938	0.24854374
0.24693939	0.24983823
0.25388324	0.25469255
0.25614658	0.24886727
0.25131032	0.23786414
0.23934004	0.22330093
0.22239746	0.21067965
0.20385236	0.20032358
0.18697320	0.18511331
0.17364171	0.17411005
0.16399816	0.16116500
0.15712272	0.14627826
0.15188038	0.13948226
0.14741100	0.14174759
0.14326994	0.14530742
0.13935733	0.14692557
0.13576020	0.15210354
0.13260184	0.14336574
0.12995464	0.13592231
0.12781981	0.13009703
0.12615015	0.13009703
0.12488553	0.13042068
0.12398048	0.13365698
0.12341826	0.12880254
0.12321137	0.12265372
0.12339355	0.11618125
0.12400697	0.10970879
0.12508771	0.11229777
0.12665348	0.11974108
0.12869497	0.12394822
0.13117324	0.12880254
0.13402696	0.13818765
0.13718747	0.13656962
0.14059944	0.13624597
0.14424045	0.14142394
0.14812565	0.14627826
0.15228623	0.15372169
0.15670656	0.16278315
0.16122322	0.17119741
0.16542232	0.17443371
0.16861983	0.17831719
0.17002331	0.17346275
0.16907346	0.17087376
0.16577210	0.16504860
0.16072644	0.16343045
0.15485695	0.15533984
0.14901087	0.15113270
0.14373671	0.14692557
0.13925691	0.14077675
0.13554345	0.13139164
0.13241649	0.12621355
0.12963910	0.12200642
0.12700358	0.11488676
0.12439460	0.11294496
0.12181239	0.11779940
0.11935045	0.11974108
0.11714204	0.12168288
0.11530294	0.12362456
0.11389114	0.12330103
0.11289296	0.11747575
0.11223191	0.11521041
0.11179028	0.11165047
0.11143582	0.10970879
0.11104791	0.10938513
0.11054210	0.11035597
0.10989384	0.10906148
0.10916026	0.10517800
0.10849726	0.10064721
0.10815601	0.09708738
0.10843541	0.10097086
0.10957970	0.10647249
0.11165537	0.11035597
0.11449419	0.11650491
0.11776747	0.12427187
0.12116015	0.12362456
0.12452497	0.12556636
0.12792674	0.12815535
0.13157108	0.13559866
0.13568208	0.13915861
0.14039053	0.14530742
0.14565708	0.14660192
0.15122975	0.14886737
0.15664327	0.14692557
0.16128987	0.14951456
0.16457669	0.15275085
0.16614641	0.15922332
0.16608830	0.16699028
0.16502406	0.17152107
0.16393872	0.17378640
0.16375369	0.17249191
0.16488619	0.17216825
0.16714601	0.17152107
0.17002906	0.17055011
0.17312925	0.17055011
0.17638583	0.17378640
0.18010058	0.17669904
0.18479671	0.18381882
0.19101520	0.19805825
0.19911492	0.21067965
0.20911798	0.22265375
0.22063689	0.23139155
0.23291048	0.23980582
0.24495074	0.24660194
0.25575364	0.25501621
0.26447898	0.26213586
0.27053738	0.27119744
0.27360711	0.27378643
0.27365252	0.26990294
