0.00120294	0.00000000
0.00910497	0.00422990
0.01357950	0.01567554
0.03120919	0.02761877
0.03842025	0.03433692
0.04409887	0.04453850
0.04571293	0.04851949
0.04526214	0.04901719
0.04543819	0.04628015
0.04799725	0.04876840
0.05340089	0.04876840
0.06129821	0.05399358
0.07096727	0.05946755
0.08158512	0.07962179
0.09237240	0.08733511
0.10266371	0.09529734
0.11193149	0.10898232
0.11978580	0.12291610
0.12599142	0.12789249
0.13054758	0.13610351
0.13384126	0.13983583
0.13679615	0.13535702
0.14085172	0.13560593
0.14761820	0.14083099
0.15826108	0.15153027
0.17291670	0.16720581
0.19050734	0.19183874
0.20907396	0.21895993
0.22640698	0.23737252
0.24062724	0.24632990
0.25050306	0.25205278
0.25550547	0.25055981
0.25573418	0.24533463
0.25180203	0.23886538
0.24468975	0.23040557
0.23551734	0.23563075
0.22520189	0.23015678
0.21412125	0.22119927
0.20213704	0.20179152
0.18935089	0.19382930
0.17718817	0.17491913
0.16833450	0.16446877
0.16494241	0.15849710
0.16692607	0.15949237
0.17200981	0.16621053
0.17703669	0.17516792
0.17930281	0.17890024
0.17728950	0.18138838
0.17080548	0.17914903
0.16079460	0.16695690
0.14900149	0.14929092
0.13757013	0.13635230
0.12863579	0.12565315
0.12400556	0.11346102
0.12498423	0.10500121
0.13230999	0.11793983
0.14610648	0.13933814
0.16577901	0.16521525
0.18986054	0.20353317
0.21592341	0.23936307
0.24076283	0.25702906
0.26103383	0.26548898
0.27426240	0.26847470
0.27986476	0.27046525
0.27959910	0.26996768
0.27662471	0.26946998
0.27305701	0.27096295
0.26850015	0.27394879
0.26179764	0.25951731
0.25315258	0.24931574
0.24339505	0.23886538
0.23209064	0.22916150
0.21794723	0.20701671
0.20254953	0.20154262
0.19125098	0.18711126
0.18671297	0.18810654
0.18614212	0.18387663
0.18556102	0.18736005
0.18298839	0.18387663
0.17840858	0.18313015
0.17250606	0.17417264
0.16577229	0.16098535
0.15845048	0.15401840
0.15095472	0.14456332
0.14416997	0.14282155
0.13930076	0.14107990
0.13737269	0.14481211
0.13876562	0.14232397
0.14309333	0.14680266
0.14948349	0.14655387
0.15708245	0.15675545
0.16551355	0.16820109
0.17502670	0.17964673
0.18618040	0.19158995
0.19911171	0.21647179
0.21275260	0.21970642
0.22465827	0.22144806
0.23201741	0.23164964
0.23331583	0.23587954
0.22914141	0.22866380
0.22164173	0.22393632
0.21354197	0.21746707
0.20743583	0.20378208
0.20537572	0.19656634
0.20860204	0.19930327
0.21736951	0.21174419
0.23093589	0.22941029
0.24775279	0.26101017
0.26580471	0.28489673
0.28299853	0.29883051
0.29753649	0.30977857
0.30822960	0.31923366
0.31471041	0.31226671
0.31749278	0.31724310
0.31784603	0.31575024
0.31747836	0.31624782
0.31805122	0.31525254
0.32059476	0.31873596
0.32507598	0.31823838
0.33027977	0.32769346
0.33375612	0.33366513
0.33323255	0.33615327
0.32855594	0.32918632
0.32125831	0.32122421
0.31375268	0.31027615
0.30842251	0.30480218
0.30664134	0.29733765
0.30842102	0.30529988
0.31271499	0.31475496
0.31796238	0.32172179
0.32256308	0.31475496
0.32518509	0.32371235
0.32490486	0.32072651
0.32122615	0.31475496
0.31402954	0.30529988
0.30350748	0.30281162
0.29011914	0.28788257
0.27457103	0.26698184
0.25779235	0.24782288
0.24083748	0.23413789
0.22466101	0.22418511
0.20982917	0.20900726
0.19634040	0.20004976
0.18370123	0.18238366
0.17126927	0.16372228
0.15877001	0.14580739
0.14672662	0.13685000
0.13634203	0.12863898
0.12857549	0.12515557
0.12310259	0.12590194
0.11857514	0.11619806
0.11381613	0.11072409
0.10841413	0.11296344
0.10273199	0.11545157
0.09764202	0.11047530
0.09404334	0.10873353
0.09235953	0.09504855
0.09234801	0.07937300
0.09337424	0.07116199
0.09487760	0.06568801
0.09663104	0.06618559
0.09869330	0.07514310
0.10122012	0.08260763
0.10431080	0.09032094
0.10794659	0.09902966
0.11200039	0.10923111
0.11627747	0.11470520
0.12055877	0.12764370
0.12463611	0.13759637
0.12833463	0.15103257
0.13152501	0.16148293
0.13412626	0.17417264
0.13610347	0.17666090
0.13746059	0.17865145
0.13823240	0.17267978
0.13847508	0.16397119
0.13825785	0.15302312
0.13765569	0.14207518
0.13674362	0.12664843
0.13559191	0.12316501
0.13426374	0.12341380
0.13281406	0.12017918
0.13128838	0.11495399
0.12972368	0.11246574
0.12814952	0.10699177
0.12658912	0.09579492
0.12506197	0.09753668
0.12358467	0.10674298
0.12217388	0.11570036
0.12084761	0.12167203
0.11962669	0.12664843
0.11853623	0.12814128
0.11760700	0.12764370
0.11687569	0.12913656
0.11638515	0.12639964
0.11618429	0.12689722
0.11632632	0.12764370
0.11686674	0.12590194
0.11785884	0.12465787
0.11934784	0.12216973
0.12136188	0.11868620
0.12390147	0.11968148
0.12692726	0.12814128
0.13034879	0.13237119
0.13401985	0.13859165
0.13774268	0.14978850
0.14128684	0.15451610
0.14441794	0.15053499
0.14692830	0.15128136
0.14865486	0.15352082
0.14947997	0.15426719
0.14932702	0.15451610
0.14816333	0.15202785
0.14601527	0.14655387
0.14298382	0.13859165
0.13924740	0.13013184
0.13504545	0.12590194
0.13064845	0.13112712
0.12632214	0.13137591
0.12229414	0.13187361
0.11872773	0.13212240
0.11570741	0.12888777
0.11324127	0.12067676
0.11127929	0.11420751
0.10975309	0.10898232
0.10862939	0.10500121
0.10796218	0.09753668
0.10791223	0.09305799
0.10868588	0.09479976
0.11039291	0.09803438
0.11290388	0.10425484
0.11583465	0.11744213
0.11869289	0.12565315
0.12107944	0.12714601
0.12280698	0.12888777
0.12389539	0.12739491
0.12450114	0.12416029
0.12486434	0.12266731
0.12529993	0.12988305
0.12618457	0.13062954
0.12784700	0.13087833
