0.00066519	0.00000000
-0.01690404	-0.01746392
-0.01905013	-0.02581626
-0.03471790	-0.03416854
-0.04679622	-0.04479879
-0.05715682	-0.05846620
-0.06405680	-0.06074411
-0.06727244	-0.07061505
-0.06799938	-0.07137436
-0.06778125	-0.07517081
-0.06754546	-0.06833714
-0.06760617	-0.07137436
-0.06798302	-0.06757784
-0.06868489	-0.06757784
-0.06991772	-0.07061505
-0.07217430	-0.08200455
-0.07598563	-0.07972664
-0.08127902	-0.08124524
-0.08697660	-0.08580106
-0.09144278	-0.08580106
-0.09332551	-0.08428246
-0.09211324	-0.09111619
-0.08825083	-0.09111619
-0.08295707	-0.08580106
-0.07786481	-0.08276385
-0.07451935	-0.08276385
-0.07383211	-0.08124524
-0.07575671	-0.07972664
-0.07947730	-0.08048594
-0.08407868	-0.08580106
-0.08926268	-0.08959758
-0.09557368	-0.09870917
-0.10395662	-0.11009872
-0.11501686	-0.11769170
-0.12842526	-0.13059986
-0.14234929	-0.13895214
-0.15290307	-0.14806378
-0.15484042	-0.15186030
-0.14441074	-0.14806378
-0.12245850	-0.12300682
-0.09478043	-0.09415340
-0.06920579	-0.06681854
-0.05161433	-0.04403949
-0.04381719	-0.03720576
-0.04422191	-0.04100227
-0.04977687	-0.05391037
-0.05759701	-0.05998480
-0.06578060	-0.06757784
-0.07351709	-0.07896733
-0.08076258	-0.09263480
-0.08780400	-0.09946847
-0.09491620	-0.10098708
-0.10217061	-0.10782081
-0.10938531	-0.11009872
-0.11619307	-0.11009872
-0.12217885	-0.11541384
-0.12701455	-0.12604403
-0.13053825	-0.13135916
-0.13276339	-0.13211846
-0.13383459	-0.13287777
-0.13396420	-0.13515568
-0.13337217	-0.13743359
-0.13224633	-0.13439637
-0.13072509	-0.13287777
-0.12889570	-0.13363707
-0.12680303	-0.13059986
-0.12445948	-0.12452543
-0.12185551	-0.12072891
-0.11897065	-0.11617315
-0.11579292	-0.11313593
-0.11235616	-0.10858011
-0.10875224	-0.10402429
-0.10500288	-0.10174638
-0.10092144	-0.10478359
-0.09642266	-0.09870917
-0.09189396	-0.09719056
-0.08791915	-0.09794986
-0.08488575	-0.09263480
-0.08296355	-0.07896733
-0.08221956	-0.07517081
-0.08266226	-0.06909645
-0.08424546	-0.07289296
-0.08688708	-0.07972664
-0.09050415	-0.09111619
-0.09504035	-0.10022777
-0.10047455	-0.10782081
-0.10680744	-0.10933942
-0.11402895	-0.11921030
-0.12207264	-0.13135916
-0.13076754	-0.14123005
-0.13980463	-0.14958239
-0.14873247	-0.15793473
-0.15699099	-0.16021258
-0.16397960	-0.16097188
-0.16914906	-0.15869403
-0.17210706	-0.16249049
-0.17272808	-0.16476840
-0.17123337	-0.16628700
-0.16819334	-0.16780561
-0.16440676	-0.17312074
-0.16065520	-0.17312074
-0.15738522	-0.16856492
-0.15445347	-0.16173118
-0.15116180	-0.15186030
-0.14674920	-0.14198935
-0.14106351	-0.13135916
-0.13477103	-0.12604403
-0.12893485	-0.12376612
-0.12448876	-0.12300682
-0.12198322	-0.11996961
-0.12156326	-0.12224752
-0.12306327	-0.12680334
-0.12617014	-0.12832195
-0.13059495	-0.13211846
-0.13617031	-0.13895214
-0.14285558	-0.14578587
-0.15068129	-0.15186030
-0.15966363	-0.16249049
-0.16971968	-0.16932422
-0.18061183	-0.17767656
-0.19194113	-0.19058466
-0.20319535	-0.19514048
-0.21383500	-0.20501137
-0.22339378	-0.22308278
-0.23157112	-0.23599088
-0.23829545	-0.23902810
-0.24374498	-0.24662107
-0.24831025	-0.24965829
-0.25250047	-0.24677294
-0.25681606	-0.25193620
-0.26163283	-0.26362950
-0.26713663	-0.27395594
-0.27332756	-0.28230828
-0.28007379	-0.29309034
-0.28718230	-0.29612756
-0.29445395	-0.29749429
-0.30171177	-0.29749429
-0.30880409	-0.30782080
-0.31559172	-0.31009871
-0.32192746	-0.31343961
-0.32763830	-0.31769174
-0.33251104	-0.32270312
-0.33629188	-0.33166283
-0.33870187	-0.34700078
-0.33947936	-0.36127561
-0.33844483	-0.36598331
-0.33555809	-0.36082006
-0.33093974	-0.34229308
-0.32484505	-0.31860286
-0.31762972	-0.29658312
-0.30974621	-0.28549737
-0.30177525	-0.28640848
-0.29442656	-0.28443432
-0.28844815	-0.28625667
-0.28444558	-0.29020500
-0.28270656	-0.29096431
-0.28312662	-0.29384965
-0.28526422	-0.29749429
-0.28847513	-0.29977220
-0.29206359	-0.30174643
-0.29541647	-0.29992408
-0.29809013	-0.29445708
-0.29983249	-0.29126799
-0.30055010	-0.28944570
-0.30025485	-0.28656036
-0.29901937	-0.28671223
-0.29694524	-0.28959757
-0.29414737	-0.29430521
-0.29074749	-0.29552013
-0.28687647	-0.29324222
-0.28268120	-0.29157174
-0.27833387	-0.28731966
-0.27403861	-0.27274108
-0.27003205	-0.26590735
-0.26657620	-0.26180714
-0.26393965	-0.25527716
-0.26236787	-0.25193620
-0.26204714	-0.25649202
-0.26307097	-0.25876993
-0.26542637	-0.26408505
-0.26901045	-0.26757783
-0.27366564	-0.27289295
-0.27919725	-0.27835989
-0.28534287	-0.28504181
-0.29171321	-0.29096431
-0.29780734	-0.30280942
-0.30316699	-0.31009871
-0.30757758	-0.31738800
-0.31112841	-0.31799543
-0.31409845	-0.31647682
-0.31679600	-0.31450266
-0.31945923	-0.31313592
-0.32222909	-0.31268030
-0.32515803	-0.31921035
-0.32822928	-0.33257401
-0.33137444	-0.33986330
-0.33448738	-0.34335613
-0.33743635	-0.34593773
-0.34007499	-0.34563404
-0.34224859	-0.34001517
-0.34379345	-0.34016705
-0.34452519	-0.34381169
-0.34421712	-0.34730452
-0.34260407	-0.34882313
-0.33951077	-0.34684891
-0.33513525	-0.33986330
-0.33011886	-0.33318144
-0.32508397	-0.32179195
-0.32026827	-0.31404704
-0.31574944	-0.30858010
-0.31180850	-0.30721337
-0.30895439	-0.30615038
-0.30765066	-0.30858010
-0.30807626	-0.31055427
-0.31010476	-0.31526196
-0.31342742	-0.32012147
-0.31768727	-0.32194382
-0.32255301	-0.32391798
-0.32773706	-0.32604408
-0.33298835	-0.32756269
-0.33807918	-0.32953686
-0.34280089	-0.33454818
-0.34696916	-0.34092635
-0.35043463	-0.34639335
-0.35309166	-0.35018981
-0.35488719	-0.35322702
-0.35582310	-0.35444188
-0.35595360	-0.35504931
-0.35537952	-0.35429001
-0.35423842	-0.35277146
-0.35269377	-0.35094911
-0.35092136	-0.34988612
-0.34909746	-0.35034168
-0.34738430	-0.35170841
-0.34592125	-0.35186028
-0.34481516	-0.34851938
-0.34413636	-0.34487474
-0.34391811	-0.34274870
-0.34415898	-0.33895218
-0.34482884	-0.33561122
-0.34587467	-0.33287776
