0.00011702	0.00000000
0.00588322	0.00580645
0.02849363	0.02064514
0.03567030	0.03806448
0.04305334	0.04161286
0.03867783	0.03967738
0.03114964	0.03161287
0.02252163	0.02161288
0.01687969	0.01387095
0.01657184	0.01483870
0.02137609	0.01806450
0.02855100	0.02258062
0.03505100	0.03161287
0.03919996	0.04129028
0.04040556	0.04354835
0.03855957	0.04419351
0.03386949	0.03806448
0.02691217	0.02806449
0.01863371	0.01290321
0.01020880	0.00225806
0.00280722	-0.00645161
-0.00265543	-0.00903225
-0.00568972	-0.01161289
-0.00627877	-0.01032257
-0.00482572	-0.00967741
-0.00204228	-0.00741935
0.00121065	-0.00064516
0.00412248	0.01064515
0.00611828	0.01290321
0.00696166	0.01193547
0.00675418	0.01161289
0.00586887	0.00806451
0.00486817	0.00161290
0.00443708	0.00225806
0.00532733	0.00258064
0.00828047	0.00258064
0.01390542	0.00709677
0.02251594	0.01645160
0.03396387	0.03258061
0.04752244	0.05258060
0.06187280	0.07129037
0.07524978	0.08677423
0.08577006	0.09354842
0.09189560	0.08870971
0.09288572	0.08548391
0.08905001	0.08290327
0.08168650	0.07774198
0.07272455	0.07193553
0.06419732	0.06806457
0.05770761	0.06483877
0.05405432	0.05903220
0.05313665	0.05451608
0.05415508	0.05322576
0.05599727	0.05193543
0.05763973	0.04548383
0.05841155	0.04645157
0.05806735	0.04903221
0.05670770	0.04741931
0.05463357	0.04806447
0.05221139	0.04903221
0.04978390	0.04806447
0.04762824	0.04774189
0.04594442	0.05096769
0.04485515	0.05290318
0.04440619	0.05709672
0.04456586	0.05387092
0.04522578	0.05161285
0.04620868	0.04870963
0.04728930	0.04483867
0.04822578	0.04129028
0.04879940	0.04129028
0.04885294	0.04225802
0.04831935	0.03999996
0.04723590	0.04387093
0.04574174	0.04483867
0.04406390	0.04548383
0.04249265	0.04451609
0.04134397	0.04935479
0.04089641	0.04580641
0.04129208	0.04612899
0.04242539	0.04677415
0.04390183	0.04741931
0.04515977	0.04354835
0.04575785	0.04516125
0.04567306	0.04483867
0.04535200	0.04483867
0.04544002	0.04967737
0.04642361	0.05258060
0.04843342	0.05580640
0.05119358	0.06064510
0.05398807	0.05999994
0.05563031	0.05322576
0.05458302	0.05096769
0.04933263	0.04516125
0.03890361	0.03225803
0.02333573	0.02258062
0.00416285	0.00774193
-0.01540186	-0.00677419
-0.03131175	-0.02516127
-0.04024555	-0.03709680
-0.04079090	-0.03806454
-0.03378758	-0.03290325
-0.02192295	-0.02806449
-0.00897181	-0.01258063
0.00118682	0.00290322
0.00617033	0.00322580
0.00668635	0.00967741
0.00590523	0.01548386
0.00649829	0.01612902
0.00864212	0.01096773
0.01063936	0.01129031
0.01053678	0.00548387
0.00719758	-0.00129032
0.00068176	-0.00935483
-0.00774784	-0.01322579
-0.01590925	-0.01838708
-0.02147180	-0.02161288
-0.02313988	-0.02483869
-0.02160658	-0.02387094
-0.01953053	-0.02451611
-0.02082817	-0.02903223
-0.02902920	-0.03806454
-0.04457290	-0.04870969
-0.06435861	-0.06161290
-0.08397152	-0.07645160
-0.10000274	-0.09096771
-0.11096142	-0.10354841
-0.11698349	-0.11451614
-0.11912228	-0.12516129
-0.11873005	-0.13096774
-0.11707266	-0.12935483
-0.11514325	-0.12516129
-0.11360979	-0.12129033
-0.11284341	-0.11677420
-0.11298814	-0.11354840
-0.11404177	-0.10935485
-0.11592461	-0.10838711
-0.11852551	-0.11225808
-0.12172540	-0.11483872
-0.12540646	-0.12225807
-0.12945411	-0.13387096
-0.13375844	-0.14451611
-0.13821550	-0.15096772
-0.14273168	-0.15870970
-0.14722709	-0.16193551
-0.15163909	-0.15129030
-0.15592507	-0.15322578
-0.16006128	-0.15838712
-0.16403601	-0.16483873
-0.16783236	-0.16677421
-0.17139979	-0.18193549
-0.17462547	-0.18129033
-0.17734255	-0.17548388
-0.17941053	-0.16967744
-0.18081762	-0.16935486
-0.18170401	-0.17129034
-0.18230939	-0.17451614
-0.18293093	-0.18258065
-0.18392193	-0.19016129
-0.18567990	-0.19564515
-0.18858801	-0.19903225
-0.19288735	-0.20370966
-0.19850773	-0.20451611
-0.20496443	-0.20548385
-0.21144892	-0.21032256
-0.21710227	-0.21725804
-0.22129585	-0.22258067
-0.22376989	-0.22596776
-0.22461680	-0.23177421
-0.22415869	-0.23177421
-0.22281817	-0.23000002
-0.22121747	-0.22967744
-0.22053382	-0.22935486
-0.22184221	-0.22677422
-0.22435366	-0.22677422
-0.22653417	-0.22629035
-0.22774728	-0.22774196
-0.22810103	-0.22854841
-0.22816752	-0.22838712
-0.22856998	-0.23032260
-0.22957726	-0.23032260
-0.23101179	-0.22951615
-0.23242827	-0.22983873
-0.23331428	-0.22774196
-0.23310068	-0.22419357
-0.23096798	-0.22080648
-0.22583038	-0.21048385
-0.21708627	-0.19774193
-0.20527540	-0.18725806
-0.19144757	-0.17629033
-0.17729670	-0.16580647
-0.16507880	-0.15612900
-0.15613663	-0.14838707
-0.15035073	-0.13774192
-0.14674421	-0.13322580
-0.14419380	-0.13129032
-0.14181904	-0.13483870
-0.13909708	-0.13483870
-0.13583429	-0.13967741
-0.13209158	-0.13741934
-0.12811849	-0.13806450
-0.12435174	-0.13548386
-0.12147853	-0.13354838
-0.12035365	-0.12935483
-0.12156394	-0.12612903
-0.12498072	-0.11967742
-0.12983653	-0.11838710
-0.13522886	-0.12032259
-0.14055713	-0.12548387
-0.14565781	-0.13580644
-0.15072206	-0.14451611
-0.15614742	-0.15548384
-0.16238929	-0.16951615
-0.16980030	-0.18306452
-0.17840566	-0.19709677
-0.18763393	-0.20741934
-0.19622634	-0.21112901
-0.20268443	-0.21709675
-0.20619592	-0.21709675
-0.20723975	-0.21274191
-0.20722204	-0.21048385
-0.20754465	-0.20919353
-0.20894007	-0.20322579
-0.21136200	-0.20209676
-0.21421775	-0.20177418
-0.21668938	-0.20564514
-0.21805291	-0.21258062
-0.21795583	-0.21870965
-0.21652402	-0.22322583
-0.21420065	-0.22241938
-0.21146400	-0.22161293
-0.20865992	-0.21935487
-0.20602132	-0.21209675
-0.20377894	-0.20629030
-0.20222783	-0.20370966
-0.20165463	-0.19838709
-0.20218191	-0.19370967
-0.20370667	-0.19403225
-0.20599324	-0.19854838
-0.20881049	-0.20451611
-0.21200578	-0.21064514
