0.00135055	0.00000000
-0.00803242	-0.01156420
-0.02098845	-0.01856363
-0.02824379	-0.02830189
-0.02599217	-0.03134513
-0.02256991	-0.02465004
-0.02080656	-0.02038956
-0.01985200	-0.02495438
-0.01832522	-0.02343273
-0.01462935	-0.01308584
-0.00747166	-0.00456482
0.00381805	0.00730371
0.01905354	0.02251983
0.03704394	0.03834450
0.05562602	0.05021298
0.07200323	0.06421185
0.08345886	0.07668900
0.08825938	0.09433961
0.08619578	0.08977485
0.07831179	0.08155811
0.06606232	0.06451619
0.05064318	0.04564822
0.03298208	0.02160680
0.01417631	0.01186848
-0.00415250	-0.01004261
-0.01990144	-0.02373707
-0.03098045	-0.02921486
-0.03607191	-0.03590989
-0.03525871	-0.03773582
-0.03013128	-0.03012782
-0.02327540	-0.02251977
-0.01739435	-0.01947659
-0.01449372	-0.01886791
-0.01547285	-0.01917225
-0.02019374	-0.02312845
-0.02783609	-0.02799755
-0.03729402	-0.03590989
-0.04747871	-0.04199636
-0.05751203	-0.05203897
-0.06682742	-0.06055993
-0.07518774	-0.07547170
-0.08263344	-0.08490568
-0.08938679	-0.09646988
-0.09574442	-0.10407794
-0.10198026	-0.10986000
-0.10827152	-0.11199027
-0.11465612	-0.11838102
-0.12102947	-0.12203288
-0.12717779	-0.12507606
-0.13283558	-0.13298845
-0.13774373	-0.14242238
-0.14169067	-0.14637858
-0.14453080	-0.14972609
-0.14618412	-0.15763849
-0.14662948	-0.15763849
-0.14589700	-0.14516127
-0.14406271	-0.14090079
-0.14124541	-0.13785756
-0.13760389	-0.12811929
-0.13333078	-0.12203288
-0.12864484	-0.12659770
-0.12377690	-0.12568474
-0.11895643	-0.12081558
-0.11439499	-0.11716372
-0.11027548	-0.11199027
-0.10674483	-0.10346925
-0.10391341	-0.09646988
-0.10185830	-0.09342664
-0.10062794	-0.09129643
-0.10024633	-0.09677422
-0.10071365	-0.10346925
-0.10200549	-0.10620815
-0.10406815	-0.11290324
-0.10681619	-0.11959827
-0.11013173	-0.12355447
-0.11386856	-0.12264150
-0.11786531	-0.12598902
-0.12196523	-0.11959827
-0.12603955	-0.11290324
-0.13000521	-0.11016434
-0.13382666	-0.11351186
-0.13749684	-0.12355447
-0.14099874	-0.13664031
-0.14426628	-0.15216070
-0.14715700	-0.16250759
-0.14945658	-0.16585517
-0.15091284	-0.16372490
-0.15129164	-0.16342056
-0.15043525	-0.15672553
-0.14830935	-0.14516127
-0.14502390	-0.14029217
-0.14082237	-0.13146681
-0.13603941	-0.12720633
-0.13103445	-0.12629336
-0.12611908	-0.12538040
-0.12149580	-0.12385881
-0.11722274	-0.11959827
-0.11321075	-0.11077297
-0.10924523	-0.10012174
-0.10503091	-0.09281802
-0.10024934	-0.09160072
-0.09462303	-0.09464395
-0.08797519	-0.09251368
-0.08027402	-0.08916616
-0.07165363	-0.07912356
-0.06240612	-0.06177723
-0.05294397	-0.04473525
-0.04373637	-0.03377968
-0.03522910	-0.02525866
-0.02776915	-0.02525866
-0.02155667	-0.02404141
-0.01664141	-0.01917225
-0.01295781	-0.01521605
-0.01037824	-0.01308584
-0.00875867	-0.00639075
-0.00796582	-0.00365186
-0.00788712	-0.00547779
-0.00843061	-0.00639075
-0.00952864	-0.00456482
-0.01115154	-0.00943398
-0.01333023	-0.01156420
-0.01616687	-0.01278150
-0.01979749	-0.01947659
-0.02425863	-0.02951920
-0.02926108	-0.03377968
-0.03403315	-0.03864878
-0.03758811	-0.04351795
-0.03947299	-0.04321361
-0.04023279	-0.04199636
-0.04097855	-0.04534388
-0.04266316	-0.04990870
-0.04577555	-0.05234325
-0.05040915	-0.05386490
-0.05642199	-0.05721241
-0.06353740	-0.05934268
-0.07134787	-0.06877661
-0.07925655	-0.08368838
-0.08660220	-0.09281802
-0.09348957	-0.10377359
-0.10149524	-0.11138159
-0.11273229	-0.11564213
-0.12875850	-0.12872791
-0.14933623	-0.15429091
-0.17285174	-0.18472308
-0.19727869	-0.21728545
-0.22047304	-0.24345708
-0.24025734	-0.25745589
-0.25460678	-0.26262933
-0.26206666	-0.25928181
-0.26228702	-0.25654292
-0.25620136	-0.25715154
-0.24582322	-0.24345708
-0.23391657	-0.22884965
-0.22298543	-0.21393794
-0.21443118	-0.20115644
-0.20847492	-0.18563604
-0.20441717	-0.19202679
-0.20114885	-0.19750458
-0.19772017	-0.20389533
-0.19364153	-0.20724285
-0.18882124	-0.20328665
-0.18331118	-0.19080949
-0.17708525	-0.17985392
-0.16996726	-0.16524649
-0.16171421	-0.15063906
-0.15218146	-0.14120513
-0.14146762	-0.12659770
-0.12995000	-0.11351186
-0.11818750	-0.10133904
-0.10674058	-0.08642727
-0.09601818	-0.07395011
-0.08624502	-0.07212418
-0.07756021	-0.07242846
-0.07016324	-0.06999391
-0.06438328	-0.06603771
-0.06061812	-0.06421179
-0.05918145	-0.06147289
-0.06015186	-0.05508214
-0.06328291	-0.05964696
-0.06796782	-0.06512475
-0.07325009	-0.06877661
-0.07793784	-0.07516736
-0.08094039	-0.08551431
-0.08181166	-0.08794886
-0.08115008	-0.08977479
-0.08035999	-0.09312236
-0.08077914	-0.09251368
-0.08285118	-0.08673161
-0.08599600	-0.08064514
-0.08911534	-0.08064514
-0.09121583	-0.08155811
-0.09181067	-0.08551431
-0.09101979	-0.08916616
-0.08938041	-0.09342664
-0.08750728	-0.09981740
-0.08590003	-0.10133904
-0.08509962	-0.09646988
-0.08598118	-0.09525257
-0.08964451	-0.09799147
-0.09659228	-0.10194767
-0.10581011	-0.11107731
-0.11497132	-0.12294585
-0.12184310	-0.12781495
-0.12543669	-0.12933660
-0.12605022	-0.12720633
-0.12470017	-0.12142420
-0.12259650	-0.11412048
-0.12085302	-0.11472917
-0.12036750	-0.11472917
-0.12177218	-0.11625075
-0.12540211	-0.11959827
-0.13127412	-0.12690198
-0.13909617	-0.13694459
-0.14832373	-0.15276933
-0.15826163	-0.16920269
-0.16818662	-0.18289715
-0.17745502	-0.19233108
-0.18557012	-0.19354838
-0.19220403	-0.19050515
-0.19718818	-0.18624467
-0.20048209	-0.18594033
-0.20214117	-0.18989652
-0.20228289	-0.19415700
-0.20106177	-0.20115644
-0.19865248	-0.20541692
-0.19523969	-0.20511258
-0.19101654	-0.20298237
-0.18618397	-0.19933051
-0.18095489	-0.18685329
-0.17555432	-0.17620206
-0.17021658	-0.16555083
-0.16517647	-0.15489960
-0.16065569	-0.14881313
-0.15684624	-0.15033478
-0.15389325	-0.15063906
-0.15188210	-0.15368229
-0.15083270	-0.15520388
-0.15069924	-0.15794277
-0.15137927	-0.15976870
-0.15272522	-0.15855145
-0.15456145	-0.15733415
