0.00183727	0.00000000
0.02297130	0.02419686
0.05128427	0.04839385
0.08100852	0.08010018
0.09924579	0.09970796
0.11226997	0.11931586
0.12020460	0.12015021
0.12356225	0.12557364
0.12700669	0.12473929
0.13333596	0.13308299
0.14282946	0.14017522
0.15370829	0.14935338
0.16386090	0.16228616
0.17221734	0.17480183
0.17723306	0.17730498
0.17671080	0.17605340
0.16959940	0.17271590
0.15793313	0.16186905
0.14636643	0.14851904
0.13905872	0.13475180
0.13826130	0.13057995
0.14494525	0.14768457
0.15893157	0.16061747
0.17849021	0.17521906
0.19972901	0.20150185
0.21707912	0.22194409
0.22746821	0.22277844
0.23191012	0.22528160
0.23269783	0.23070502
0.23218520	0.23112226
0.23196949	0.23320818
0.23243983	0.23070502
0.23285492	0.23779726
0.23160805	0.23904884
0.22664021	0.22444725
0.21611537	0.21193159
0.19934677	0.19524407
0.17768379	0.17438459
0.15477900	0.15102208
0.13547833	0.14559865
0.12327074	0.12724233
0.11846687	0.12098455
0.11901946	0.11138928
0.12244196	0.11180639
0.12680911	0.11097205
0.13078026	0.12599087
0.13333811	0.13808930
0.13370143	0.14476430
0.13150080	0.14059246
0.12695830	0.13183141
0.12077092	0.11639547
0.11379452	0.10346270
0.10681306	0.09678769
0.10046880	0.08927822
0.09525733	0.08302045
0.09150933	0.08260322
0.08936973	0.08343768
0.08881141	0.08427203
0.08969946	0.09303296
0.09186690	0.10137677
0.09516655	0.10429704
0.09949656	0.10471427
0.10480331	0.10930336
0.11106504	0.11347520
0.11824994	0.11597836
0.12623413	0.12140179
0.13467886	0.13308299
0.14291401	0.14267838
0.14992721	0.14768457
0.15455376	0.15602839
0.15586169	0.16020024
0.15360107	0.15602839
0.14855035	0.14935338
0.14251103	0.14267838
0.13760789	0.13516891
0.13495846	0.12891114
0.13371240	0.12307048
0.13141863	0.11722982
0.12536706	0.11389232
0.11383067	0.10805178
0.09662722	0.09595323
0.07506622	0.07509387
0.05153076	0.04714227
0.02886330	0.01919067
0.00968032	-0.00458908
-0.00422831	-0.01376718
-0.01225905	-0.01543593
-0.01506249	-0.01084691
-0.01436864	-0.01042968
-0.01264311	-0.00876093
-0.01259763	-0.01501876
-0.01650683	-0.02336252
-0.02527277	-0.03504378
-0.03748365	-0.04380476
-0.04938789	-0.05131412
-0.05660756	-0.06007510
-0.05655466	-0.06341261
-0.04938959	-0.05173135
-0.03715028	-0.03587818
-0.02243905	-0.02294534
-0.00760989	-0.00792658
0.00557627	0.00959527
0.01611649	0.01960790
0.02387661	0.02628291
0.02962238	0.03045475
0.03490071	0.03379226
0.04172729	0.04130161
0.05207925	0.04630792
0.06725121	0.06716728
0.08721364	0.09470177
0.11021307	0.12265337
0.13297129	0.14142680
0.15183200	0.16061747
0.16471529	0.16937840
0.17265701	0.17605340
0.17937449	0.18773472
0.18904839	0.20191908
0.20409401	0.21818936
0.22395189	0.23904884
0.24500422	0.26032543
0.26194042	0.27409267
0.27052632	0.28201914
0.26990819	0.27701294
0.26235214	0.26282859
0.25116742	0.24405503
0.23903045	0.22820187
0.22752526	0.22444725
0.21742924	0.22945344
0.20917653	0.22403002
0.20321895	0.20901132
0.20019199	0.20275342
0.20082867	0.20108473
0.20555665	0.20650816
0.21380411	0.22027540
0.22335887	0.23738003
0.23063560	0.24196911
0.23247771	0.23487687
0.22826673	0.21234882
0.21988748	0.20108473
0.20958139	0.19607842
0.19831628	0.19065499
0.18581732	0.18523157
0.17148741	0.17438459
0.15536456	0.14518142
0.13855703	0.11764705
0.12300918	0.09762204
0.11085320	0.08552361
0.10373808	0.08886111
0.10244635	0.10429704
0.10690419	0.12432206
0.11645313	0.14226115
0.13016495	0.15143931
0.14705218	0.17229867
0.16615361	0.18940341
0.18653916	0.20775974
0.20729204	0.22277844
0.22750016	0.23946595
0.24628440	0.25281596
0.26286235	0.26866913
0.27663976	0.28035045
0.28729591	0.28744268
0.29483414	0.30621612
0.29957739	0.31455982
0.30211183	0.32206929
0.30319646	0.32040048
0.30366024	0.31998336
0.30430385	0.30705047
0.30581173	0.29495203
0.30867895	0.29078019
0.31315726	0.29495203
0.31923047	0.30746770
0.32662722	0.32582390
0.33487621	0.34459746
0.34340444	0.36003339
0.35166690	0.36962867
0.35928228	0.37964118
0.36614278	0.37755525
0.37245712	0.37880683
0.37871000	0.37546933
0.38554072	0.37672091
0.39358163	0.37964118
0.40330872	0.40133500
0.41495627	0.42094290
0.42851755	0.44013345
0.44382331	0.46015859
0.46065247	0.48852730
0.47882873	0.50354612
0.49826768	0.51773047
0.51897520	0.53233206
0.54101366	0.55652905
0.56446153	0.57780564
0.58938217	0.60617435
0.61580771	0.64455569
0.64372200	0.68251979
0.67303598	0.70796824
0.70352882	0.73133087
0.73474514	0.75177300
0.76584810	0.76595747
0.79546958	0.80684185
0.82164520	0.85064662
0.84196049	0.86942005
0.85398716	0.87567794
0.85596776	0.86483109
0.84756082	0.82978725
0.83041388	0.80100131
0.80837065	0.78097618
0.78710198	0.77638710
0.77285945	0.78181064
0.77006859	0.79432619
0.77831864	0.79265749
0.79131299	0.79557776
0.80058008	0.79182315
0.80137664	0.79224026
0.79479724	0.79307473
0.78563005	0.78765118
0.77949846	0.78431368
0.78086442	0.78973722
0.79169101	0.80475593
0.81072813	0.81810594
0.83379859	0.84605753
0.85506839	0.87192321
0.86869389	0.87901545
0.87042445	0.87400913
0.85914445	0.84564042
0.83787298	0.81685436
0.81308681	0.79140592
0.79204953	0.78181064
0.77978140	0.77513564
0.77763027	0.78264499
0.78371996	0.79557776
0.79424149	0.81059659
0.80467886	0.81518567
0.81076205	0.81393409
0.80936933	0.80892777
0.79948741	0.79808092
0.78292686	0.78556526
0.76407224	0.77221525
0.74798381	0.75093865
0.73735058	0.74801838
0.73100418	0.74092615
0.72639567	0.73216522
