0.00010086	0.00000000
0.01920948	0.01963353
0.03370395	0.02945030
0.03213704	0.03893983
0.04281627	0.03599477
0.04435973	0.03795815
0.04427119	0.04221201
0.04757006	0.05301046
0.05550183	0.06151831
0.06703739	0.06708109
0.07984872	0.07657063
0.09173127	0.08704185
0.10187198	0.09816754
0.11061890	0.10373032
0.11867462	0.12434554
0.12657690	0.12729061
0.13428316	0.12794507
0.14102647	0.13318062
0.14583054	0.14496076
0.14823082	0.14168847
0.14857037	0.14856017
0.14767152	0.14725137
0.14593993	0.15543199
0.14239755	0.14954185
0.13533734	0.13481677
0.12484734	0.11878276
0.11278482	0.10732985
0.10087346	0.08736908
0.09037293	0.07526183
0.08194791	0.07068062
0.07554074	0.07362568
0.07051988	0.07657063
0.06591563	0.07853401
0.06062202	0.07755232
0.05358388	0.06806278
0.04401954	0.05071986
0.03169636	0.03337693
0.01714452	0.00948954
0.00162520	-0.01537961
-0.01323287	-0.03010470
-0.02596937	-0.04515707
-0.03569089	-0.05301046
-0.04215284	-0.05759162
-0.04559861	-0.05071992
-0.04654698	-0.04744762
-0.04566495	-0.03730369
-0.04376338	-0.03534031
-0.04188786	-0.03337699
-0.04138269	-0.03992146
-0.04356618	-0.03861254
-0.04851843	-0.04679322
-0.05365597	-0.04941100
-0.05505963	-0.05071992
-0.05120750	-0.04908377
-0.04347156	-0.04384816
-0.03382978	-0.03174084
-0.02364985	-0.02028793
-0.01367171	-0.00981677
-0.00426626	0.00098169
0.00436305	0.00948954
0.01207802	0.01341617
0.01876296	0.01308906
0.02431701	0.01439786
0.02866496	0.01799738
0.03178018	0.02257848
0.03371748	0.02945030
0.03466177	0.03795815
0.03499486	0.04384816
0.03536512	0.04548430
0.03669569	0.04188478
0.04004259	0.03959429
0.04627384	0.04123032
0.05569427	0.05628276
0.06776999	0.07198954
0.08090381	0.09554970
0.09248990	0.10405755
0.09997939	0.10503924
0.10238682	0.09784031
0.10059984	0.09325922
0.09648161	0.08638740
0.09193617	0.09293199
0.08842002	0.09653139
0.08677797	0.09620416
0.08747922	0.09162307
0.09131522	0.08606017
0.09959647	0.08867800
0.11286414	0.10863876
0.12945388	0.12401831
0.14573054	0.14692414
0.15761040	0.15903139
0.16218935	0.16361260
0.15865518	0.15445030
0.14814870	0.13907063
0.13299011	0.11649215
0.11592402	0.10602093
0.09963237	0.10143983
0.08647082	0.08965969
0.07840000	0.09129584
0.07708872	0.09260476
0.08392818	0.10307586
0.09941226	0.11092937
0.12181877	0.13514400
0.14695719	0.15804970
0.17042279	0.18782723
0.18979849	0.19993460
0.20476927	0.21596861
0.21631356	0.21727753
0.22587334	0.22153139
0.23471467	0.22054970
0.24361072	0.23036647
0.25281417	0.24640048
0.26217109	0.26603401
0.27126467	0.28435862
0.27956107	0.29515707
0.28657410	0.30170155
0.29203162	0.28664923
0.29595748	0.27192414
0.29860032	0.27650523
0.30025372	0.29188478
0.30110037	0.30562830
0.30116713	0.32100785
0.30037439	0.33965969
0.29861465	0.32428014
0.29581690	0.30039263
0.29198229	0.27617800
0.28719273	0.26145291
0.28159508	0.24967277
0.27537334	0.24836385
0.26871482	0.25163615
0.26178190	0.25490832
0.25469592	0.25687170
0.24752884	0.25458109
0.24029282	0.25654447
0.23290530	0.25065446
0.22511010	0.23658383
0.21636130	0.21564138
0.20575635	0.19175398
0.19219717	0.15510476
0.17492235	0.13874340
0.15422265	0.12958109
0.13177215	0.11878276
0.11015014	0.10929322
0.09184843	0.10274863
0.07851173	0.08802354
0.07077830	0.07166231
0.06850730	0.06609952
0.07106939	0.06348169
0.07755540	0.06969893
0.08691616	0.07395291
0.09807682	0.08933246
0.11004519	0.10373032
0.12200148	0.12369108
0.13334352	0.14299738
0.14367925	0.16263092
0.15277953	0.17310214
0.16052116	0.17833769
0.16685265	0.17539263
0.17181078	0.17768323
0.17559280	0.17964661
0.17866674	0.17473817
0.18185438	0.18193722
0.18629439	0.18848169
0.19324356	0.19273555
0.20377244	0.20091617
0.21846512	0.23167539
0.23718986	0.25163615
0.25897440	0.27945030
0.28204814	0.30497384
0.30410931	0.33017015
0.32280526	0.33998692
0.33630231	0.34325922
0.34373420	0.33965969
0.34533697	0.33835077
0.34221426	0.33442414
0.33586493	0.33049738
0.32769206	0.33246076
0.31868976	0.32624340
0.30936730	0.30955493
0.29986799	0.30071986
0.29017532	0.28599477
0.28030857	0.26799738
0.27043825	0.26079845
0.26090035	0.25327229
0.25212812	0.23625660
0.24454467	0.22938478
0.23846073	0.22774863
0.23400955	0.22284031
0.23112710	0.23069370
0.22957109	0.23592937
0.22895955	0.23494768
0.22881691	0.23429322
0.22861503	0.23527491
0.22780867	0.23036647
0.22586913	0.22349477
0.22232746	0.21367800
0.21685208	0.20549738
0.20940159	0.18880892
0.20050640	0.17244768
0.19167985	0.18160999
0.18577521	0.19633508
0.18681128	0.20778799
0.19888435	0.22971201
0.22455816	0.25327229
0.26367840	0.30235600
0.31310543	0.35667539
0.36729765	0.40510476
0.41965982	0.45909691
0.46446726	0.53075922
0.49864644	0.53435862
0.52244997	0.52912307
0.53868514	0.55301046
0.55115241	0.56020939
0.56324166	0.56020939
0.57712132	0.59456801
0.59347415	0.62990832
0.61162817	0.63645291
0.62995845	0.65183246
0.64644486	0.67931938
0.65924114	0.68586385
0.66710317	0.68848169
0.66958904	0.65412307
0.66705799	0.64757848
0.66059142	0.63907063
0.65193778	0.63776183
0.64345986	0.61616492
0.63794506	0.67081153
0.63815278	0.68717277
0.64616835	0.67539263
0.66278863	0.67866492
0.68716389	0.71335077
0.71676397	0.73429322
0.74763125	0.76832461
0.77490318	0.80955493
0.79365736	0.81282723
0.80005449	0.82264400
0.79247218	0.79319370
0.77212363	0.74410999
0.74284065	0.69175398
0.71010429	0.67735600
0.67966586	0.65183246
0.65612817	0.65379584
