0.00046368	0.00000000
0.00593445	0.00679016
0.01837561	0.01604939
0.03445794	0.03333330
0.05715261	0.05185187
0.07939725	0.08148146
0.09984961	0.09629631
0.11636133	0.11296296
0.12698029	0.12530863
0.12953837	0.12839508
0.12231432	0.12160492
0.10577312	0.10185182
0.08330499	0.08024693
0.06000125	0.05925930
0.04059194	0.04074073
0.02808547	0.02469134
0.02338062	0.02592587
0.02522302	0.02962959
0.03059245	0.02901232
0.03622971	0.03456795
0.04093439	0.04074073
0.04600970	0.04629624
0.05342157	0.05617285
0.06412191	0.07037032
0.07778235	0.07839501
0.09328261	0.09135807
0.10906892	0.11234570
0.12325586	0.12530863
0.13376085	0.13333333
0.13872188	0.14135802
0.13725828	0.14135802
0.13019674	0.12839508
0.11987479	0.12037039
0.10876451	0.11111116
0.09823608	0.09320986
0.08846293	0.08580244
0.07885790	0.07777774
0.06860141	0.06728399
0.05743322	0.05679011
0.04633249	0.05061734
0.03729005	0.03765428
0.03207831	0.03395057
0.03097500	0.03086424
0.03252159	0.03456795
0.03443751	0.03641975
0.03488651	0.04012346
0.03314176	0.03641975
0.02899681	0.02716053
0.02116950	0.01358020
0.00759204	0.00493824
-0.01085691	-0.01172841
-0.02982510	-0.02901232
-0.04571043	-0.04444444
-0.05758552	-0.05925924
-0.06597720	-0.07407409
-0.07155465	-0.07839507
-0.07470809	-0.07777780
-0.07562597	-0.07222223
-0.07450421	-0.06913579
-0.07171996	-0.06604940
-0.06789970	-0.06666666
-0.06387261	-0.06975311
-0.06053346	-0.06975311
-0.05864654	-0.06851852
-0.05863559	-0.06296295
-0.06045181	-0.05802470
-0.06361002	-0.05679011
-0.06739682	-0.05864197
-0.07114702	-0.06172842
-0.07445201	-0.06666666
-0.07722819	-0.07160497
-0.07966058	-0.07345676
-0.08208384	-0.07777780
-0.08486405	-0.08271605
-0.08831431	-0.09259260
-0.09265137	-0.09876543
-0.09798174	-0.10555553
-0.10430299	-0.11234570
-0.11150674	-0.11481482
-0.11938691	-0.11913580
-0.12766655	-0.12592590
-0.13606375	-0.13888890
-0.14440574	-0.14629632
-0.15275095	-0.15802467
-0.16142315	-0.16604936
-0.17084576	-0.16975307
-0.18120815	-0.17407405
-0.19222657	-0.18950617
-0.20325650	-0.20493829
-0.21363921	-0.21913582
-0.22294627	-0.23518521
-0.23096333	-0.24382716
-0.23750637	-0.24444443
-0.24226128	-0.24197531
-0.24480991	-0.23888886
-0.24490444	-0.24506176
-0.24280445	-0.25123459
-0.23921679	-0.25308645
-0.23475900	-0.24876541
-0.22973053	-0.24320990
-0.22437644	-0.23209876
-0.21885557	-0.21481484
-0.21301988	-0.20123458
-0.20659328	-0.19320989
-0.19963379	-0.18888891
-0.19282150	-0.18271607
-0.18730171	-0.18765432
-0.18412678	-0.19320989
-0.18369099	-0.19444442
-0.18572845	-0.19382715
-0.18991573	-0.19567901
-0.19585361	-0.19320989
-0.20211925	-0.19259262
-0.20695841	-0.19814813
-0.21007138	-0.20802468
-0.21245955	-0.21604937
-0.21505471	-0.22407407
-0.21813323	-0.22839504
-0.22152999	-0.23024690
-0.22496340	-0.23086423
-0.22821286	-0.22592592
-0.23118506	-0.22469133
-0.23397614	-0.23209876
-0.23697947	-0.24135804
-0.24079143	-0.24629629
-0.24561112	-0.25370371
-0.25072965	-0.25617284
-0.25492683	-0.25555557
-0.25728825	-0.25246912
-0.25763521	-0.25185186
-0.25647971	-0.25493824
-0.25480202	-0.25555557
-0.25386199	-0.25493824
-0.25500873	-0.25802469
-0.25927475	-0.25864196
-0.26661602	-0.26358026
-0.27534795	-0.27592593
-0.28305081	-0.28950620
-0.28874013	-0.29629630
-0.29359087	-0.29753089
-0.29940400	-0.30185187
-0.30718842	-0.29938269
-0.31692979	-0.30864197
-0.32788312	-0.32555556
-0.33889943	-0.34777778
-0.34869009	-0.35950619
-0.35604236	-0.37246913
-0.35999510	-0.36938274
-0.35998094	-0.36049384
-0.35598448	-0.35123456
-0.34874877	-0.34567899
-0.33989519	-0.34012347
-0.33164915	-0.33148146
-0.32608801	-0.32469136
-0.32428262	-0.32098764
-0.32587588	-0.31975311
-0.32934538	-0.32469136
-0.33272743	-0.33333331
-0.33437100	-0.33950615
-0.33337837	-0.34444445
-0.32963327	-0.34012347
-0.32357472	-0.32901233
-0.31594098	-0.31851852
-0.30757120	-0.30740738
-0.29925367	-0.29444444
-0.29161277	-0.29074073
-0.28505790	-0.28827161
-0.27978605	-0.28580248
-0.27581096	-0.28271604
-0.27300850	-0.28148150
-0.27118257	-0.27716047
-0.27013946	-0.27283949
-0.26974270	-0.26666665
-0.26992747	-0.26666665
-0.27069202	-0.26728398
-0.27209216	-0.26790124
-0.27424595	-0.27283949
-0.27731797	-0.28024691
-0.28145278	-0.28333336
-0.28665558	-0.28765434
-0.29267511	-0.29135805
-0.29896089	-0.29506171
-0.30474219	-0.29691356
-0.30920443	-0.30493826
-0.31169504	-0.30740738
-0.31189391	-0.30740738
-0.30992535	-0.30555558
-0.30638668	-0.30308640
-0.30225351	-0.29567903
-0.29866323	-0.29197532
-0.29665574	-0.29444444
-0.29695389	-0.29320985
-0.29981852	-0.29629630
-0.30499408	-0.30246913
-0.31177515	-0.30987656
-0.31920752	-0.31419754
-0.32634631	-0.32283950
-0.33244103	-0.32777780
-0.33698204	-0.33086419
-0.33965975	-0.33456790
-0.34032652	-0.33641976
-0.33899513	-0.33703703
-0.33585396	-0.33703703
-0.33125859	-0.33209878
-0.32568663	-0.32222223
-0.31966227	-0.31419754
-0.31368163	-0.30493826
-0.30816075	-0.29814816
-0.30341175	-0.29444444
-0.29964215	-0.29567903
-0.29696602	-0.29320985
-0.29540581	-0.28950620
-0.29489282	-0.28950620
-0.29526946	-0.29567903
-0.29631534	-0.30123454
-0.29779264	-0.31049383
-0.29949704	-0.31666666
-0.30129078	-0.31543207
-0.30310616	-0.31049383
-0.30492714	-0.30246913
-0.30675742	-0.29567903
-0.30859274	-0.29320985
-0.31040359	-0.29814816
-0.31212857	-0.30432099
-0.31368002	-0.31296295
-0.31495419	-0.31851852
-0.31584483	-0.32407409
-0.31625551	-0.32407409
-0.31610781	-0.32160497
-0.31534544	-0.31975311
-0.31393710	-0.31481481
-0.31187525	-0.30987656
-0.30917373	-0.30555558
-0.30586484	-0.30308640
-0.30199602	-0.29444444
-0.29762533	-0.29197532
-0.29281762	-0.28703701
-0.28764126	-0.28209877
-0.28216299	-0.27469134
-0.27644560	-0.27469134
-0.27054533	-0.26975310
