0.00011737	0.00000000
0.00317842	0.00000000
-0.00089083	-0.00172412
-0.00292207	-0.00517243
-0.00488303	-0.00775862
-0.01042841	-0.00862068
-0.01448320	-0.01293105
-0.01477440	-0.01465517
-0.01247696	-0.01465517
-0.01014350	-0.01551723
-0.00937797	-0.01637930
-0.01011793	-0.01120692
-0.01156528	-0.01120692
-0.01334725	-0.01465517
-0.01563720	-0.01465517
-0.01860879	-0.01637930
-0.02194242	-0.02413791
-0.02481238	-0.02586210
-0.02630554	-0.02499998
-0.02582340	-0.02672416
-0.02317579	-0.02327585
-0.01851760	-0.01810342
-0.01244066	-0.01206899
-0.00621287	-0.00603449
-0.00171108	0.00000000
-0.00060879	-0.00172412
-0.00300769	-0.00431037
-0.00709684	-0.00775862
-0.01062856	-0.01206899
-0.01224570	-0.01293105
-0.01158310	-0.00862068
-0.00884916	-0.00603449
-0.00445141	-0.00517243
0.00122376	0.00086212
0.00789042	0.00517237
0.01532166	0.01551723
0.02322717	0.02844822
0.03113066	0.04051721
0.03836383	0.04741383
0.04428883	0.05086207
0.04870825	0.04999995
0.05207328	0.04827583
0.05506565	0.05172420
0.05789673	0.06034482
0.06010628	0.06724143
0.06090968	0.06465518
0.05963487	0.06120694
0.05601385	0.05603445
0.05028610	0.04224133
0.04311635	0.03448272
0.03538610	0.02758622
0.02796862	0.02327585
0.02157306	0.01551723
0.01667692	0.01379311
0.01352470	0.01034486
0.01216257	0.01637936
0.01248838	0.02155173
0.01430224	0.02499998
0.01734603	0.02499998
0.02132487	0.02499998
0.02590308	0.02413797
0.03067826	0.02327585
0.03515038	0.02499998
0.03872724	0.03275859
0.04081905	0.03620684
0.04103941	0.03793108
0.03939103	0.04051721
0.03619541	0.04137933
0.03175408	0.03362072
0.02624607	0.02672410
0.02014095	0.01982760
0.01445578	0.01293099
0.01030791	0.00775862
0.00829072	0.00948274
0.00833655	0.01120687
0.00997818	0.01293099
0.01259361	0.01465511
0.01551932	0.01724136
0.01814467	0.01637936
0.02002689	0.02068961
0.02095849	0.02155173
0.02093423	0.02241385
0.02005091	0.02068961
0.01842110	0.01810348
0.01614657	0.01637936
0.01332009	0.01551723
0.01000069	0.01379311
0.00614751	0.01120687
0.00155232	0.00689650
-0.00416310	-0.00172412
-0.01143399	-0.01120692
-0.02052191	-0.02499998
-0.03128138	-0.03706896
-0.04318103	-0.04655170
-0.05564551	-0.06034482
-0.06825456	-0.07413793
-0.08051035	-0.08362067
-0.09155564	-0.09310347
-0.10024557	-0.10172415
-0.10551631	-0.10603446
-0.10678188	-0.10603446
-0.10417181	-0.10172415
-0.09852722	-0.09568965
-0.09117906	-0.08620691
-0.08361197	-0.07672411
-0.07712831	-0.06637931
-0.07260175	-0.06551725
-0.07037600	-0.07068968
-0.07031149	-0.07586205
-0.07193176	-0.07758623
-0.07460352	-0.08103448
-0.07769284	-0.08103448
-0.08067226	-0.07586205
-0.08316986	-0.07499999
-0.08497336	-0.07672411
-0.08600654	-0.07844830
-0.08629972	-0.08103448
-0.08596884	-0.08103448
-0.08520541	-0.08189654
-0.08426654	-0.08189654
-0.08344203	-0.08189654
-0.08298244	-0.08017242
-0.08299454	-0.08362067
-0.08335416	-0.08793104
-0.08375797	-0.09137928
-0.08400328	-0.09482759
-0.08431201	-0.09741378
-0.08526967	-0.09741378
-0.08736961	-0.09655172
-0.09065410	-0.09741378
-0.09474199	-0.10000002
-0.09908032	-0.09913790
-0.10318218	-0.10000002
-0.10675941	-0.10086209
-0.10977898	-0.10086209
-0.11246851	-0.10172415
-0.11516537	-0.10948277
-0.11792919	-0.11741382
-0.12038967	-0.12344825
-0.12236038	-0.13034481
-0.12448117	-0.13620692
-0.12803748	-0.13534480
-0.13423416	-0.13862067
-0.14347292	-0.15068966
-0.15502828	-0.16241378
-0.16734923	-0.17241377
-0.17879812	-0.18689656
-0.18828800	-0.19620687
-0.19542870	-0.19862068
-0.20028462	-0.20241380
-0.20307899	-0.20948273
-0.20405149	-0.21293104
-0.20347710	-0.21241379
-0.20173334	-0.20862067
-0.19929877	-0.20051724
-0.19665417	-0.19362068
-0.19417812	-0.19051725
-0.19215351	-0.19120687
-0.19086434	-0.19241381
-0.19060270	-0.19534481
-0.19150119	-0.19637930
-0.19335660	-0.19586205
-0.19565566	-0.19431037
-0.19780476	-0.19396549
-0.19938479	-0.19137931
-0.20026849	-0.19068968
-0.20057070	-0.18948275
-0.20051710	-0.19137931
-0.20031622	-0.19465518
-0.20008828	-0.20034480
-0.19986208	-0.20172411
-0.19961871	-0.20275861
-0.19935070	-0.19982761
-0.19909747	-0.19620687
-0.19894473	-0.19431037
-0.19901003	-0.19448274
-0.19945779	-0.19827586
-0.20054910	-0.20396554
-0.20264518	-0.20999998
-0.20605093	-0.21482760
-0.21071054	-0.21758622
-0.21605924	-0.21913791
-0.22127238	-0.22189653
-0.22560500	-0.22534484
-0.22850488	-0.22741377
-0.22967400	-0.23103446
-0.22916076	-0.23362070
-0.22736375	-0.23051727
-0.22491977	-0.22310346
-0.22253551	-0.21810347
-0.22081763	-0.21379310
-0.22013821	-0.21327585
-0.22056997	-0.21586210
-0.22191709	-0.22224140
-0.22382671	-0.22862071
-0.22593303	-0.23586208
-0.22797860	-0.23931032
-0.22987898	-0.24344826
-0.23171848	-0.24724138
-0.23367020	-0.25137931
-0.23581932	-0.25172412
-0.23787795	-0.25000000
-0.23895587	-0.23965520
-0.23791452	-0.23310345
-0.23433949	-0.22258621
-0.22874101	-0.21517241
-0.22193213	-0.20827585
-0.21483719	-0.20982760
-0.20847277	-0.20793104
-0.20382930	-0.20896554
-0.20176451	-0.20862067
-0.20289358	-0.21206897
-0.20738731	-0.21482760
-0.21471022	-0.21879309
-0.22352940	-0.22379309
-0.23206085	-0.22758621
-0.23878285	-0.22741377
-0.24303292	-0.22827584
-0.24507500	-0.22655171
-0.24570380	-0.22431034
-0.24575345	-0.22482759
-0.24578469	-0.22931033
-0.24601226	-0.23431033
-0.24639498	-0.24000001
-0.24678145	-0.24620688
-0.24702983	-0.25051725
-0.24707009	-0.25189656
-0.24691449	-0.25258619
-0.24663500	-0.25396550
-0.24632888	-0.25275862
-0.24608199	-0.25344825
-0.24593438	-0.25206894
-0.24585538	-0.24827588
-0.24572913	-0.24500000
-0.24536638	-0.24293101
-0.24454953	-0.23931032
-0.24311315	-0.23793101
-0.24103539	-0.23655170
-0.23849362	-0.23413795
-0.23583907	-0.23551726
-0.23349173	-0.23724139
