-0.00005950	0.00000000
-0.00392923	-0.00412613
0.00558606	0.00149930
0.00680369	0.00637293
0.00372224	0.00187516
0.00466483	0.00487363
0.00515856	0.00712025
0.00604417	0.00712025
0.01001339	0.01199830
0.01949661	0.01574421
0.03338043	0.02587163
0.04728703	0.03674221
0.05716206	0.05699289
0.06191884	0.07274139
0.06258778	0.07086623
0.06010070	0.05661702
0.05463181	0.05286670
0.04647015	0.04086852
0.03728813	0.02624321
0.03046768	0.02924609
0.02948943	0.03899336
0.03563161	0.03636622
0.04735798	0.04761720
0.06158017	0.06374168
0.07530345	0.07836246
0.08662014	0.09223592
0.09476697	0.10498595
0.09953739	0.10273492
0.10035172	0.10085976
0.09534459	0.08961332
0.08409368	0.07723916
0.07182154	0.06786346
0.06411366	0.06224239
0.06064215	0.05811632
0.05796921	0.05062008
0.05359268	0.04911637
0.04684621	0.04574203
0.03839970	0.04199183
0.02959291	0.03186858
0.02187223	0.02737093
0.01634931	0.01574421
0.01350117	0.01162231
0.01306923	0.00674880
0.01419915	0.00937140
0.01577617	0.01199830
0.01676959	0.02062225
0.01639681	0.01987040
0.01409250	0.01987040
0.00941636	0.01236975
0.00206867	0.00299847
-0.00785443	-0.01387781
-0.01942600	-0.02437240
-0.03071084	-0.03412402
-0.03933452	-0.04311949
-0.04356341	-0.04349530
-0.04297400	-0.03562325
-0.03826763	-0.03074527
-0.03066966	-0.02549571
-0.02144442	-0.01349753
-0.01166342	-0.00824791
-0.00213970	-0.01012307
0.00656422	-0.00524944
0.01410152	0.00524962
0.02029525	0.01499677
0.02509068	0.02511990
0.02851077	0.03711820
0.03061526	0.03787005
0.03146277	0.03637075
0.03107719	0.02999353
0.02941661	0.02399659
0.02634917	0.02099359
0.02164425	0.02062225
0.01497995	0.00974727
0.00597485	-0.00262696
-0.00571798	-0.01087487
-0.02021967	-0.01799959
-0.03731237	-0.02887446
-0.05681239	-0.05062002
-0.07934947	-0.07724351
-0.10644148	-0.11098725
-0.13882922	-0.14923310
-0.17401646	-0.18710309
-0.20585607	-0.20772523
-0.22753547	-0.22459704
-0.23556206	-0.22971392
-0.23151685	-0.22506142
-0.22098869	-0.21920604
-0.21082553	-0.21113938
-0.20592807	-0.19952589
-0.20676687	-0.19466114
-0.20956540	-0.19908363
-0.21116647	-0.20173711
-0.21209531	-0.21146667
-0.21438986	-0.21854264
-0.21968959	-0.22517645
-0.22866839	-0.23313695
-0.24089400	-0.24375099
-0.25493678	-0.25038475
-0.26868191	-0.26144099
-0.27971211	-0.27338177
-0.28574210	-0.27736205
-0.28525928	-0.27647752
-0.27836010	-0.27691978
-0.26734316	-0.26099873
-0.25620607	-0.24773121
-0.24855874	-0.24375099
-0.24560355	-0.24419320
-0.24642725	-0.23623270
-0.24942200	-0.24286646
-0.25244978	-0.24109745
-0.25177595	-0.23667496
-0.24164589	-0.22959894
-0.21661900	-0.23092568
-0.17553063	-0.18581611
-0.12295586	-0.12655449
-0.06783597	-0.07171535
-0.02174995	-0.03987330
0.00222860	-0.00316650
-0.00740506	-0.00935799
-0.04939203	-0.06331259
-0.10486545	-0.11726719
-0.15351471	-0.14291775
-0.18708502	-0.18050909
-0.20672715	-0.21721590
-0.21642783	-0.22429192
-0.22014216	-0.22340745
-0.22121491	-0.22473419
-0.22207013	-0.21986943
-0.22394496	-0.22208065
-0.22701600	-0.22959894
-0.23088464	-0.23932844
-0.23508681	-0.24950022
-0.23940222	-0.25259596
-0.24395762	-0.25171149
-0.24920748	-0.25082695
-0.25582433	-0.25348049
-0.26445848	-0.25967199
-0.27538413	-0.27913105
-0.28822744	-0.29682106
-0.30200341	-0.31008857
-0.31543550	-0.31716460
-0.32733533	-0.32379836
-0.33685282	-0.33573914
-0.34355298	-0.34546870
-0.34737769	-0.35652494
-0.34856734	-0.36183196
-0.34757927	-0.36536998
-0.34500030	-0.35564047
-0.34144428	-0.34679544
-0.33744109	-0.33397013
-0.33336025	-0.33175892
-0.32940722	-0.32822090
-0.32568935	-0.31937587
-0.32229272	-0.31229985
-0.31931320	-0.31274211
-0.31683314	-0.30876184
-0.31488034	-0.31229985
-0.31340462	-0.31893361
-0.31228188	-0.32335615
-0.31134361	-0.32822090
-0.31041059	-0.33175892
-0.30931875	-0.31893361
-0.30792871	-0.30699283
-0.30612004	-0.29903233
-0.30378085	-0.28620708
-0.30080429	-0.27824652
-0.29710823	-0.28134227
-0.29267585	-0.28355354
-0.28758931	-0.28355354
-0.28201276	-0.28488028
-0.27615547	-0.28178453
-0.27028844	-0.27824652
-0.26480222	-0.27603531
-0.26021966	-0.27161276
-0.25711861	-0.26055652
-0.25600228	-0.25303823
-0.25717872	-0.24596220
-0.26068926	-0.23800170
-0.26629958	-0.24021298
-0.27354574	-0.25878751
-0.28181720	-0.27736205
-0.29045466	-0.29770559
-0.29884088	-0.31849134
-0.30646762	-0.32777864
-0.31297028	-0.32866311
-0.31813613	-0.33175892
-0.32189569	-0.33264339
-0.32430920	-0.32998991
-0.32555258	-0.33087438
-0.32589993	-0.32777864
-0.32569727	-0.32202935
-0.32532263	-0.31495339
-0.32513532	-0.31362659
-0.32542053	-0.31406885
-0.32634446	-0.32114488
-0.32792640	-0.32866311
-0.33003750	-0.33618140
-0.33242568	-0.33883488
-0.33476338	-0.34237289
-0.33670804	-0.34281516
-0.33796370	-0.34104615
-0.33832946	-0.33883488
-0.33772776	-0.33618140
-0.33621129	-0.33397013
-0.33395365	-0.32733637
-0.33122951	-0.32335615
-0.32838723	-0.32026035
-0.32581505	-0.31760687
-0.32390204	-0.31451112
-0.32299557	-0.31628013
-0.32336360	-0.31229985
-0.32516715	-0.31274211
-0.32844964	-0.32202935
-0.33314392	-0.33618140
-0.33909592	-0.35121793
-0.34609804	-0.37067699
-0.35392308	-0.38261777
-0.36235270	-0.38659799
-0.37119517	-0.38571352
-0.38029209	-0.38527125
-0.38951525	-0.38482898
-0.39875615	-0.38792473
-0.40791491	-0.39632750
-0.41688931	-0.40694153
-0.42556560	-0.41667104
-0.43381181	-0.42463160
-0.44147518	-0.44276386
-0.44838604	-0.45558918
-0.45437279	-0.46531868
-0.45928407	-0.46974117
-0.46301737	-0.47460592
-0.46554175	-0.46841443
-0.46690983	-0.45912713
-0.46725526	-0.45470464
-0.46677884	-0.45337790
-0.46572396	-0.45426238
-0.46434852	-0.45426238
-0.46289694	-0.46133840
-0.46157458	-0.46310741
-0.46052942	-0.46266514
-0.45984551	-0.46089613
