0.00047420	0.00000000
0.00397845	0.00473022
0.01355739	0.00881529
0.00602474	0.00580525
-0.00255690	-0.00408512
-0.00834347	-0.00989032
-0.01109232	-0.01032037
-0.00948591	-0.00989032
-0.00340001	-0.00688022
0.00619109	0.00430012
0.01769735	0.01010537
0.02917640	0.02730596
0.03873198	0.04063642
0.04531749	0.04837668
0.04932357	0.04988170
0.05189146	0.05633199
0.05377816	0.05181682
0.05512752	0.05009675
0.05583079	0.05009675
0.05583350	0.05267680
0.05521284	0.05246186
0.05410828	0.05289185
0.05263777	0.04816175
0.05086483	0.04837668
0.04881008	0.05246186
0.04648219	0.05160177
0.04390590	0.04493654
0.04115011	0.04192650
0.03835745	0.03590631
0.03577583	0.02666092
0.03378217	0.02773595
0.03287061	0.03418624
0.03355975	0.03698134
0.03617235	0.04171145
0.04050298	0.04214144
0.04552965	0.04558158
0.04943089	0.04321647
0.05010788	0.04472160
0.04613720	0.04257154
0.03773855	0.03999138
0.02722021	0.03139114
0.01845314	0.02472591
0.01517753	0.01655555
0.01928051	0.01182544
0.03068407	0.02859604
0.04808159	0.05052674
0.06913038	0.07675767
0.09052156	0.10406363
0.10867414	0.12771451
0.12087591	0.13201463
0.12629718	0.12771451
0.12591834	0.12341428
0.12150738	0.11911416
0.11458274	0.10406363
0.10587420	0.09266829
0.09570767	0.09051812
0.08581187	0.08944309
0.08097109	0.08944309
0.08636236	0.10449362
0.10248917	0.12556434
0.12489513	0.14169002
0.14797454	0.15459037
0.16771983	0.16856587
0.18193488	0.17716622
0.18956001	0.17931628
0.19055942	0.17824125
0.18601261	0.17394114
0.17761579	0.17286611
0.16687234	0.16641581
0.15475217	0.15029025
0.14194410	0.13953984
0.12917455	0.12771451
0.11721984	0.11051393
0.10670972	0.09868848
0.09796233	0.09331322
0.09096010	0.09223819
0.08543418	0.08901310
0.08098781	0.08793807
0.07720742	0.08686304
0.07374848	0.08492792
0.07040177	0.07611263
0.06715389	0.06600726
0.06424436	0.05805206
0.06218068	0.04880667
0.06163903	0.04493654
0.06321248	0.04472160
0.06710796	0.05590200
0.07298946	0.06278217
0.08007865	0.07847774
0.08742572	0.09395826
0.09417318	0.10298860
0.09969394	0.10943878
0.10360663	0.11803913
0.10572718	0.12126422
0.10601242	0.11481404
0.10452040	0.10943878
0.10138951	0.10513866
0.09682931	0.09266829
0.09111322	0.07976782
0.08456840	0.07310259
0.07755835	0.06751239
0.07045992	0.05998707
0.06363659	0.06127715
0.05741410	0.06364226
0.05205946	0.06235218
0.04776599	0.06063211
0.04464088	0.05762208
0.04269572	0.05353689
0.04184143	0.04536664
0.04189296	0.04343152
0.04258718	0.04300153
0.04361625	0.04085147
0.04467089	0.04085147
0.04548512	0.04278648
0.04586531	0.04149640
0.04568471	0.04235649
0.04481830	0.04536664
0.04301144	0.04171145
0.03975089	0.03999138
0.03437845	0.03633630
0.02670197	0.03225112
0.01768680	0.02838099
0.00915413	0.02193081
0.00255428	0.01161039
-0.00182651	0.00387013
-0.00480045	-0.00322509
-0.00783472	-0.00817031
-0.01186134	-0.01053536
-0.01490445	-0.00774026
-0.01363714	-0.00967532
-0.00990747	-0.01634055
-0.00661401	-0.02343583
-0.00489126	-0.02623093
-0.00524501	-0.02644593
-0.00740586	-0.02429587
-0.01109309	-0.02257580
-0.01677427	-0.02193075
-0.02526368	-0.02945602
-0.03673469	-0.03934640
-0.05038176	-0.05031174
-0.06480284	-0.06364220
-0.07851471	-0.08342290
-0.09029672	-0.09804344
-0.09933677	-0.11352396
-0.10523160	-0.12706947
-0.10790733	-0.13652980
-0.10751241	-0.13007957
-0.10432687	-0.11481404
-0.09871027	-0.10040849
-0.09109180	-0.08535796
-0.08198278	-0.06127715
-0.07197377	-0.04407656
-0.06167162	-0.03160608
-0.05157223	-0.01892066
-0.04194926	-0.00967532
-0.03287575	-0.00903034
-0.02438600	-0.01032037
-0.01662449	-0.01698560
-0.00985268	-0.01720059
-0.00435316	-0.01010537
-0.00033653	-0.00559020
0.00211106	0.00042999
0.00304531	0.00666523
0.00265090	0.00752521
0.00120308	0.00344014
-0.00098266	-0.00107503
-0.00359760	-0.00946033
-0.00637117	-0.01333046
-0.00908813	-0.01419050
-0.01159660	-0.01397550
-0.01381469	-0.01354545
-0.01573509	-0.01225543
-0.01742512	-0.01333046
-0.01901513	-0.01784563
-0.02067146	-0.02064073
-0.02255566	-0.01956570
-0.02478200	-0.02085572
-0.02738456	-0.02107072
-0.03030717	-0.02386582
-0.03341579	-0.02558589
-0.03652696	-0.02644593
-0.03944129	-0.02924103
-0.04196984	-0.03246611
-0.04395124	-0.03977638
-0.04525639	-0.05095679
-0.04578663	-0.06837237
-0.04546817	-0.07568264
-0.04424889	-0.08492798
-0.04209633	-0.07998282
-0.03900078	-0.06428725
-0.03498144	-0.04192644
-0.03009456	-0.02752095
-0.02444060	-0.00473017
-0.01816872	0.00838530
-0.01147036	0.01225543
-0.00456503	0.01419055
0.00232445	0.02042568
0.00899625	0.02150071
0.01528566	0.02150071
0.02106328	0.01978064
0.02621789	0.01741564
0.03063500	0.01548052
0.03418684	0.01999569
0.03673662	0.02773595
0.03815793	0.03569126
0.03835569	0.04515159
0.03728147	0.05138683
0.03493793	0.04558158
0.03137623	0.04171145
0.02669020	0.03698134
0.02101675	0.02451086
0.01454281	0.01118040
0.00751615	0.00107503
0.00024735	-0.01225543
-0.00690269	-0.02279079
-0.01355000	-0.02709097
-0.01931460	-0.02687591
-0.02383424	-0.02752095
-0.02677119	-0.02773595
-0.02785598	-0.02795100
-0.02705718	-0.02558589
-0.02490572	-0.02687591
-0.02271928	-0.02580088
-0.02224183	-0.02429587
-0.02470074	-0.02537090
-0.03001869	-0.03160608
-0.03671529	-0.04042143
-0.04250260	-0.04429156
-0.04566141	-0.04923671
-0.04610163	-0.04923671
-0.04427809	-0.04343152
-0.04046957	-0.03268117
-0.03545888	-0.02881104
-0.03042242	-0.02408087
-0.02633953	-0.01913565
-0.02371579	-0.01956570
-0.02261853	-0.02107072
-0.02284372	-0.02128577
-0.02409328	-0.02064073
-0.02609777	-0.02214575
-0.02866216	-0.02128577
