0.00177203	0.00000000
0.00703393	0.00242066
0.00051706	0.00672400
0.00989784	0.01183426
0.01508944	0.01102746
0.01689075	0.01075852
0.01757981	0.01479292
0.01878978	0.01802039
0.02223937	0.02420652
0.02831404	0.02985477
0.03568240	0.03523397
0.04203109	0.03846157
0.04600005	0.04330289
0.04818137	0.04760623
0.05032907	0.05271649
0.05433230	0.06159222
0.06169815	0.06724048
0.07327588	0.07288861
0.08908124	0.08956432
0.10828264	0.11619151
0.12928481	0.13690162
0.14965007	0.15707374
0.16573702	0.17105973
0.17289057	0.17374933
0.16887332	0.16514254
0.16064456	0.16057014
0.16043052	0.16164601
0.17109470	0.17509413
0.18534960	0.18504572
0.19575574	0.19123185
0.19950391	0.19338357
0.19713849	0.18908012
0.18951939	0.18181813
0.17637046	0.17859066
0.15717146	0.15707374
0.13244472	0.13179123
0.10458368	0.10758471
0.07762782	0.07880580
0.05513315	0.04357183
0.03847808	0.02877891
0.02709495	0.02097905
0.01960743	0.01667559
0.01476146	0.01237226
0.01176289	0.01398599
0.01012160	0.01452398
0.00932385	0.01506186
0.00863068	0.01156533
0.00713374	0.00833786
0.00402796	0.00188279
-0.00104685	-0.00268960
-0.00776084	-0.01075846
-0.01508117	-0.01882732
-0.02155183	-0.02608931
-0.02577637	-0.03281337
-0.02687509	-0.03335124
-0.02471518	-0.02877891
-0.01987001	-0.02286178
-0.01339426	-0.01344812
-0.00651346	-0.00376546
-0.00031228	0.00295854
0.00450261	0.00537920
0.00771159	0.00779986
0.00954326	0.01264119
0.01052657	0.02124798
0.01130034	0.02447557
0.01244830	0.02743411
0.01439537	0.02662718
0.01736835	0.01855838
0.02140898	0.00753093
0.02641534	0.00242066
0.03219831	0.02071011
0.03853545	0.04518557
0.04520798	0.06213021
0.05199793	0.07530928
0.05861883	0.08499193
0.06457396	0.07611620
0.06900725	0.06643355
0.07071888	0.06347501
0.06850810	0.06428182
0.06175347	0.05944061
0.05083245	0.05029583
0.03702071	0.03254437
0.02194007	0.01802039
0.00699832	0.00000000
-0.00680910	-0.01048952
-0.01875637	-0.02044111
-0.02825177	-0.02689618
-0.03499724	-0.03173751
-0.03929266	-0.03496504
-0.04208075	-0.03873050
-0.04468669	-0.04384077
-0.04850756	-0.05137169
-0.05474366	-0.06159228
-0.06407139	-0.07046801
-0.07626010	-0.08041960
-0.09001826	-0.09198493
-0.10339614	-0.10139859
-0.11454903	-0.10866058
-0.12222265	-0.11861217
-0.12575224	-0.12506723
-0.12496231	-0.12641203
-0.12019655	-0.12049490
-0.11229128	-0.11027431
-0.10234882	-0.09198493
-0.09142833	-0.07692307
-0.08033235	-0.06347501
-0.06955579	-0.05379236
-0.05935922	-0.05002689
-0.04989130	-0.04975796
-0.04128613	-0.04760623
-0.03369828	-0.04330283
-0.02726473	-0.03173751
-0.02201138	-0.01775146
-0.01775404	-0.01102746
-0.01407309	-0.00618613
-0.01042917	-0.00215167
-0.00640862	-0.00511026
-0.00197999	-0.00161380
0.00240185	0.00295854
0.00593110	0.00430334
0.00776399	0.00161374
0.00733556	0.00779986
0.00453083	-0.00080687
-0.00033465	-0.00672406
-0.00666023	-0.00887573
-0.01373607	-0.00726199
-0.02088377	-0.01748252
-0.02753722	-0.02420658
-0.03327596	-0.02985477
-0.03783741	-0.04061323
-0.04112846	-0.05083376
-0.04324652	-0.05567509
-0.04449886	-0.05567509
-0.04540750	-0.05621302
-0.04668216	-0.05433029
-0.04915725	-0.05379236
-0.05369688	-0.05917162
-0.06108508	-0.07261968
-0.07191535	-0.08445400
-0.08648720	-0.09386766
-0.10465278	-0.10919851
-0.12552997	-0.12694997
-0.14720744	-0.15008068
-0.16696727	-0.17240453
-0.18221074	-0.19392145
-0.19129543	-0.20064551
-0.19363664	-0.19849384
-0.18941230	-0.18020439
-0.17938285	-0.16218394
-0.16493879	-0.14335662
-0.14817484	-0.13501883
-0.13171436	-0.12694997
-0.11812948	-0.11968803
-0.10913955	-0.11054331
-0.10507385	-0.10355031
-0.10496180	-0.09924692
-0.10712609	-0.10139859
-0.10984717	-0.10677785
-0.11175640	-0.11215705
-0.11187891	-0.11672944
-0.10947385	-0.11242604
-0.10398059	-0.10139859
-0.09537607	-0.08660573
-0.08466972	-0.07342654
-0.07345974	-0.05648196
-0.06230964	-0.04814416
-0.05037414	-0.04142010
-0.03785636	-0.03281337
-0.02737854	-0.02447551
-0.02104397	-0.01775146
-0.01718758	-0.01022053
-0.01206289	-0.00215167
-0.00410358	0.00053787
0.00517778	0.00833786
0.01326992	0.01264119
0.01817639	0.01990318
0.01878177	0.01775146
0.01520984	0.01936519
0.00901981	0.01048946
0.00234012	0.00000000
-0.00370206	-0.00887573
-0.00969924	-0.01156539
-0.01721434	-0.02259278
-0.02754365	-0.03281337
-0.04051639	-0.04168910
-0.05373611	-0.05594409
-0.06382282	-0.06804734
-0.06878103	-0.07154381
-0.06928410	-0.07208174
-0.06800240	-0.06993008
-0.06753545	-0.06589562
-0.06884895	-0.06320602
-0.07140262	-0.06858528
-0.07440187	-0.07557827
-0.07767507	-0.08122647
-0.08144116	-0.08741260
-0.08569926	-0.09225392
-0.09007541	-0.09306079
-0.09411316	-0.09252286
-0.09757816	-0.09736419
-0.10049626	-0.10059172
-0.10293013	-0.10677785
-0.10471393	-0.11081225
-0.10541120	-0.11081225
-0.10460003	-0.10597098
-0.10226648	-0.10247445
-0.09888022	-0.09467453
-0.09504902	-0.08902633
-0.09109709	-0.08714360
-0.08693618	-0.08714360
-0.08223914	-0.08445400
-0.07670359	-0.08257127
-0.07022561	-0.06966108
-0.06294558	-0.05594409
-0.05520213	-0.04491663
-0.04744633	-0.03630984
-0.04015773	-0.03066164
-0.03378648	-0.03281337
-0.02873482	-0.03604090
-0.02537411	-0.03792363
-0.02407113	-0.03577191
-0.02518872	-0.03442711
-0.02902181	-0.03738570
-0.03566201	-0.04222703
-0.04483513	-0.05029583
-0.05581035	-0.06159228
-0.06746922	-0.07450241
-0.07854826	-0.08687466
-0.08795974	-0.09763312
-0.09504366	-0.10408825
-0.09965091	-0.10570198
-0.10205081	-0.10435718
-0.10273591	-0.10274339
-0.10221800	-0.10032278
-0.10089409	-0.09924692
-0.09901585	-0.09521246
-0.09675442	-0.09575039
-0.09430842	-0.09763312
-0.09199059	-0.09790212
-0.09024878	-0.09225392
-0.08961219	-0.08660573
