0.00033674	0.00000000
0.00595200	0.00659716
0.01383850	0.01280963
0.01780768	0.01319873
0.02438350	0.02561939
0.03281845	0.03221655
0.04342902	0.04153752
0.06191880	0.05240607
0.09171638	0.09278059
0.12918566	0.13509202
0.16594438	0.16537189
0.19290797	0.18749809
0.20423056	0.20574641
0.20061906	0.19720376
0.18830480	0.18284202
0.17364891	0.17818153
0.15892112	0.16110039
0.14239009	0.13897431
0.12174024	0.12189317
0.09807590	0.09821486
0.07651716	0.07414317
0.06193191	0.06327450
0.05456831	0.06017053
0.05026110	0.05007589
0.04407658	0.03959644
0.03373912	0.02989066
0.02043307	0.01940680
0.00707260	0.00892735
-0.00395417	-0.00077820
-0.01186773	-0.00621253
-0.01733120	-0.01824838
-0.02175180	-0.02290446
-0.02656369	-0.03066903
-0.03272764	-0.03338832
-0.04054268	-0.05202144
-0.04972044	-0.05512547
-0.05961484	-0.06017065
-0.06953175	-0.06327909
-0.07901257	-0.07375854
-0.08799270	-0.07259566
-0.09681488	-0.09006143
-0.10608479	-0.10675770
-0.11627570	-0.12771660
-0.12719826	-0.14130449
-0.13783155	-0.15489239
-0.14672530	-0.15566623
-0.15280397	-0.16110051
-0.15652023	-0.15760738
-0.16020149	-0.16304165
-0.16623329	-0.16615003
-0.17525341	-0.17352551
-0.18615474	-0.17895979
-0.19691990	-0.19371063
-0.20540951	-0.20496827
-0.20994483	-0.21467394
-0.20973262	-0.21661502
-0.20505236	-0.21739322
-0.19710262	-0.20264244
-0.18755037	-0.18750250
-0.17797905	-0.17197347
-0.16947308	-0.16343516
-0.16250183	-0.15761179
-0.15709688	-0.15993762
-0.15316004	-0.15877467
-0.15070409	-0.15567064
-0.14989887	-0.15295130
-0.15090434	-0.15295130
-0.15358250	-0.15450329
-0.15731627	-0.16110492
-0.16122915	-0.16576099
-0.16479436	-0.16925412
-0.16825083	-0.16964322
-0.17226733	-0.17274725
-0.17725751	-0.17662954
-0.18318965	-0.18750250
-0.18979238	-0.19681907
-0.19662668	-0.20458359
-0.20315009	-0.20885491
-0.20898367	-0.21040696
-0.21415491	-0.21001786
-0.21906176	-0.21195900
-0.22420987	-0.21972346
-0.22993109	-0.22942472
-0.23622635	-0.24223882
-0.24275710	-0.25310737
-0.24894033	-0.25815254
-0.25410634	-0.26164573
-0.25769690	-0.26436508
-0.25948098	-0.26281303
-0.25972232	-0.26087189
-0.25918040	-0.26048279
-0.25886223	-0.25349647
-0.25960988	-0.25349647
-0.26178357	-0.26009369
-0.26527852	-0.26513886
-0.26987267	-0.27562273
-0.27562317	-0.29037350
-0.28299388	-0.29619694
-0.29263005	-0.29541868
-0.30496413	-0.29658163
-0.31988153	-0.31948602
-0.33655921	-0.34044933
-0.35346729	-0.35753042
-0.36849174	-0.37344855
-0.37915951	-0.38819939
-0.38297173	-0.37966108
-0.37785563	-0.37422234
-0.36278135	-0.36684692
-0.33858275	-0.32143158
-0.30875376	-0.28998441
-0.27930847	-0.26164573
-0.25665501	-0.24029768
-0.24430136	-0.22593158
-0.24133037	-0.25077713
-0.24407206	-0.26746905
-0.24893843	-0.26903439
-0.25386339	-0.26299870
-0.25811592	-0.26216304
-0.26163247	-0.25469035
-0.26458290	-0.24875200
-0.26719686	-0.25936407
-0.26970217	-0.26599663
-0.27229646	-0.27528226
-0.27513668	-0.29252690
-0.27834311	-0.29650640
-0.28201231	-0.29517990
-0.28622881	-0.29694861
-0.29107201	-0.29871726
-0.29661542	-0.29827511
-0.30292001	-0.30977154
-0.31002328	-0.31728846
-0.31793246	-0.32657403
-0.32662836	-0.33364874
-0.33607778	-0.34160787
-0.34624413	-0.34647173
-0.35708156	-0.36062115
-0.36851326	-0.37609714
-0.38039616	-0.39289963
-0.39248696	-0.40218520
-0.40442321	-0.41014427
-0.41573372	-0.41854554
-0.42588887	-0.42208290
-0.43438384	-0.42959982
-0.44083750	-0.44772881
-0.44508234	-0.46055174
-0.44721866	-0.46320480
-0.44762370	-0.46585780
-0.44691494	-0.45745659
-0.44587606	-0.44463360
-0.44535628	-0.43755889
-0.44615379	-0.44507581
-0.44889340	-0.45215052
-0.45390695	-0.45966744
-0.46113071	-0.46541566
-0.47002319	-0.47337472
-0.47952172	-0.47027951
-0.48805407	-0.47381687
-0.49363974	-0.47558558
-0.49412504	-0.48000729
-0.48758319	-0.48133379
-0.47281417	-0.45259267
-0.44992414	-0.42296726
-0.42099109	-0.39732134
-0.39023998	-0.36460072
-0.36285791	-0.33630180
-0.34276623	-0.33939701
-0.33093354	-0.33762830
-0.32562348	-0.33055359
-0.32428625	-0.33453310
-0.32524177	-0.33364874
-0.32790861	-0.33453310
-0.33213788	-0.33762830
-0.33770671	-0.34514523
-0.34427673	-0.35045123
-0.35154849	-0.35664165
-0.35935339	-0.35708380
-0.36761504	-0.36150551
-0.37624565	-0.36990678
-0.38506326	-0.37830800
-0.39377525	-0.38892013
-0.40202087	-0.40306956
-0.40943456	-0.41191298
-0.41569951	-0.41633469
-0.42057785	-0.42208290
-0.42392474	-0.42429376
-0.42569473	-0.42606246
-0.42595086	-0.42871547
-0.42487547	-0.42694676
-0.42277864	-0.41766119
-0.42008939	-0.41235512
-0.41732007	-0.40837562
-0.41500056	-0.40439606
-0.41359150	-0.40660691
-0.41340759	-0.41412383
-0.41457158	-0.41942990
-0.41701597	-0.42473590
-0.42051515	-0.43136847
-0.42472461	-0.43534803
-0.42921361	-0.43976974
-0.43349028	-0.44198060
-0.43702629	-0.44374925
-0.43929502	-0.44242275
-0.43983248	-0.43976974
-0.43833706	-0.43623239
-0.43480656	-0.43225282
-0.42968324	-0.42783111
-0.42391706	-0.42385161
-0.41881159	-0.42119855
-0.41560724	-0.41898769
-0.41499567	-0.42031425
-0.41687533	-0.41987205
-0.42048284	-0.41898769
-0.42478818	-0.42340940
-0.42893058	-0.42783111
-0.43249050	-0.43313718
-0.43550143	-0.44021189
-0.43825337	-0.44728667
-0.44103163	-0.44949746
-0.44394684	-0.44861317
-0.44690937	-0.44817096
-0.44971290	-0.44817096
-0.45214519	-0.45126617
-0.45406476	-0.45524573
-0.45542514	-0.46232045
-0.45626304	-0.46718431
-0.45667160	-0.47072166
-0.45677507	-0.46364695
-0.45670786	-0.46099395
-0.45660099	-0.45834088
-0.45657095	-0.45524573
-0.45671174	-0.45303488
-0.45708832	-0.45966744
-0.45773277	-0.46187824
-0.45864564	-0.46320480
-0.45979789	-0.46541566
-0.46113774	-0.46541566
-0.46259680	-0.46364695
-0.46409616	-0.46364695
-0.46555457	-0.46364695
-0.46689299	-0.46187824
-0.46804282	-0.46099395
