0.00087644	0.00000000
0.00782775	0.00634062
0.01236560	0.00905800
0.01248868	0.01449275
0.01920091	0.01630437
0.02358850	0.02264488
0.02492182	0.02445650
0.02458604	0.02173913
0.02382763	0.01811600
0.02310474	0.01721013
0.02245920	0.01721013
0.02186899	0.01630437
0.02134972	0.02173913
0.02091922	0.02355075
0.02044220	0.02445650
0.01950194	0.01992750
0.01753213	0.01268113
0.01417224	0.00452900
0.00954847	0.00181162
0.00426065	-0.00271738
-0.00086386	-0.00543481
-0.00501989	-0.00634056
-0.00753607	-0.00724638
-0.00787662	-0.00815219
-0.00567046	-0.00452900
-0.00086446	0.00000000
0.00607552	0.00634062
0.01412101	0.01449275
0.02191659	0.02083337
0.02819981	0.02536237
0.03218140	0.02898550
0.03370604	0.03260875
0.03316100	0.03260875
0.03123594	0.03260875
0.02867224	0.02989125
0.02609354	0.02626812
0.02393270	0.02173913
0.02242460	0.01902175
0.02162704	0.01992750
0.02144447	0.02264488
0.02164626	0.02355075
0.02187940	0.02626812
0.02167863	0.02898550
0.02048025	0.02355075
0.01765823	0.01449275
0.01260754	0.00634062
0.00490075	-0.00452900
-0.00550791	-0.01721013
-0.01812388	-0.02445650
-0.03192110	-0.02898550
-0.04556476	-0.04365945
-0.05775942	-0.05362320
-0.06754109	-0.06449276
-0.07438073	-0.07717389
-0.07815377	-0.08804345
-0.07914754	-0.08333331
-0.07813664	-0.08242756
-0.07627286	-0.07971013
-0.07443561	-0.07518119
-0.07224813	-0.07065219
-0.06810607	-0.06431162
-0.06103520	-0.05797100
-0.05199403	-0.04981881
-0.04252371	-0.03985506
-0.03315611	-0.02536231
-0.02369924	-0.01449275
-0.01400991	-0.00452900
-0.00439210	0.00271738
0.00425904	0.00724638
0.01101431	0.01177537
0.01554784	0.01177537
0.01815717	0.01268113
0.01940879	0.01449275
0.01983117	0.01811600
0.01979150	0.01358700
0.01949330	0.01268113
0.01900417	0.01268113
0.01827906	0.01449275
0.01718392	0.01721013
0.01553254	0.02264488
0.01314424	0.02445650
0.00991596	0.01992750
0.00588854	0.00996375
0.00122793	-0.00271738
-0.00395904	-0.01177537
-0.00983165	-0.02173913
-0.01666616	-0.02989131
-0.02437861	-0.03442031
-0.03230096	-0.03804350
-0.03944127	-0.04619563
-0.04494964	-0.05072463
-0.04846355	-0.04891306
-0.05015299	-0.04528987
-0.05051820	-0.04347825
-0.05012392	-0.03985506
-0.04940988	-0.03894925
-0.04861386	-0.04076087
-0.04778706	-0.04438406
-0.04686011	-0.04800725
-0.04572061	-0.04981881
-0.04427692	-0.04619563
-0.04249929	-0.04619563
-0.04043439	-0.04257244
-0.03820021	-0.03532606
-0.03596707	-0.03442031
-0.03393018	-0.03260869
-0.03228126	-0.02717394
-0.03118254	-0.02898550
-0.03074810	-0.03351450
-0.03103389	-0.03442031
-0.03203678	-0.03804350
-0.03370152	-0.04257244
-0.03593302	-0.04438406
-0.03861116	-0.04438406
-0.04160528	-0.04528987
-0.04478668	-0.04800725
-0.04803701	-0.04981881
-0.05125460	-0.05163044
-0.05435666	-0.05344200
-0.05728003	-0.05434781
-0.05997998	-0.05434781
-0.06242871	-0.05615944
-0.06461267	-0.06068838
-0.06653096	-0.06702900
-0.06819271	-0.06974638
-0.06961586	-0.07065219
-0.07082513	-0.06884056
-0.07185139	-0.06431162
-0.07273073	-0.06159419
-0.07350473	-0.06431162
-0.07422101	-0.07065219
-0.07493395	-0.07518119
-0.07570665	-0.08061594
-0.07661194	-0.08333331
-0.07773352	-0.07518119
-0.07916456	-0.07155800
-0.08100483	-0.07246375
-0.08335322	-0.07463765
-0.08629473	-0.07663041
-0.08988042	-0.08768117
-0.09409890	-0.09221017
-0.09883828	-0.09510869
-0.10384203	-0.09963769
-0.10866618	-0.10615945
-0.11266090	-0.11322463
-0.11503160	-0.11829710
-0.11507003	-0.11811596
-0.11260283	-0.11231881
-0.10842136	-0.10869563
-0.10414548	-0.10217392
-0.10136047	-0.10108697
-0.10078290	-0.10597825
-0.10218346	-0.11086959
-0.10486732	-0.11086959
-0.10813041	-0.11304349
-0.11146913	-0.11268115
-0.11461082	-0.11413044
-0.11746338	-0.11612320
-0.12004198	-0.11829710
-0.12239958	-0.12119567
-0.12457316	-0.12155795
-0.12654521	-0.11974639
-0.12822489	-0.12083334
-0.12944783	-0.12282610
-0.13000022	-0.12445652
-0.12966646	-0.12735510
-0.12829711	-0.12989128
-0.12587677	-0.13079709
-0.12256449	-0.12699276
-0.11867854	-0.12228262
-0.11462536	-0.11793476
-0.11080258	-0.11340582
-0.10751413	-0.10670292
-0.10492505	-0.10398549
-0.10306136	-0.10199273
-0.10184811	-0.09945655
-0.10116522	-0.09818840
-0.10091190	-0.09800726
-0.10106038	-0.10126811
-0.10166831	-0.10416669
-0.10278256	-0.10634059
-0.10427062	-0.10742754
-0.10576365	-0.10960144
-0.10678018	-0.10978264
-0.10689326	-0.10652173
-0.10583666	-0.10471016
-0.10354936	-0.10144925
-0.10017715	-0.09728259
-0.09604172	-0.09311593
-0.09157898	-0.08913046
-0.08726489	-0.08514494
-0.08354570	-0.08152175
-0.08078171	-0.08061594
-0.07920989	-0.07699275
-0.07891667	-0.08061594
-0.07982560	-0.08423913
-0.08170335	-0.08876812
-0.08419353	-0.08967394
-0.08688081	-0.09329712
-0.08937626	-0.09057969
-0.09139894	-0.09057969
-0.09282385	-0.08967394
-0.09368314	-0.08967394
-0.09412493	-0.08967394
-0.09435213	-0.09420288
-0.09456240	-0.09438407
-0.09490707	-0.09547102
-0.09547284	-0.09547102
-0.09628427	-0.09565216
-0.09731979	-0.09420288
-0.09853263	-0.09474635
-0.09986888	-0.09547102
-0.10127857	-0.09764493
-0.10271990	-0.09909421
-0.10415645	-0.10307974
-0.10555428	-0.10597825
-0.10688111	-0.10869563
-0.10810871	-0.10960144
-0.10921796	-0.11086959
-0.11020391	-0.10960144
-0.11107926	-0.10797101
-0.11187285	-0.10634059
-0.11262384	-0.10634059
-0.11337304	-0.10797101
-0.11415085	-0.11032611
-0.11496505	-0.11431158
-0.11578988	-0.11539853
-0.11655802	-0.11684781
-0.11715947	-0.11612320
-0.11745204	-0.11322463
-0.11729290	-0.11159420
-0.11660467	-0.11431158
-0.11547564	-0.11086959
-0.11424991	-0.10887682
-0.11350250	-0.11195654
-0.11382632	-0.11485505
-0.11554170	-0.11630434
-0.11856942	-0.12572461
-0.12253995	-0.13188404
-0.12699468	-0.13695651
-0.13153863	-0.14275360
