0.00060781	0.00000000
0.02091615	0.02238262
0.04252194	0.03682315
0.05366406	0.05631769
0.06674330	0.06642604
0.08727981	0.07689536
0.12125896	0.12454879
0.16422562	0.16823101
0.20641956	0.20180500
0.23591588	0.22635376
0.24379024	0.24909747
0.23301701	0.23032486
0.21974798	0.21371841
0.21403871	0.20685923
0.21366732	0.21768951
0.21552475	0.21985555
0.21950772	0.22382677
0.22621892	0.22996390
0.23489414	0.23501801
0.24310143	0.23357403
0.24787542	0.23754513
0.24728884	0.24368227
0.24142505	0.24873650
0.23217164	0.24259925
0.22201984	0.22418773
0.21281128	0.20902526
0.20526575	0.19747293
0.19921961	0.18844759
0.19403739	0.18303251
0.18887928	0.18086648
0.18280083	0.17978334
0.17476051	0.17184114
0.16361451	0.16714799
0.14816587	0.16425991
0.12735172	0.13465703
0.10066823	0.09675086
0.06881589	0.06209385
0.03418700	0.02527070
0.00057022	-0.02202165
-0.02808875	-0.03826714
-0.04917590	-0.04584837
-0.06217621	-0.05451262
-0.06833026	-0.06570399
-0.06981225	-0.06317687
-0.06913981	-0.06787002
-0.06856935	-0.06823105
-0.06934425	-0.06895310
-0.07174456	-0.06967509
-0.07560447	-0.07725632
-0.07947254	-0.07545125
-0.08118387	-0.07978338
-0.08143514	-0.08447653
-0.08409391	-0.08880866
-0.09001289	-0.09187728
-0.09429179	-0.09007221
-0.09288792	-0.08537906
-0.08653183	-0.08212996
-0.07823022	-0.07418770
-0.07036452	-0.06642598
-0.06392999	-0.05920577
-0.05901402	-0.05523467
-0.05540940	-0.05379063
-0.05296166	-0.05523467
-0.05167465	-0.05342960
-0.05168504	-0.05740070
-0.05319098	-0.06101084
-0.05637191	-0.06245488
-0.06131600	-0.06281590
-0.06795491	-0.07184118
-0.07600920	-0.07797831
-0.08495896	-0.08411551
-0.09406522	-0.09169674
-0.10246982	-0.10162455
-0.10939389	-0.10595667
-0.11445649	-0.11155236
-0.11802645	-0.11931407
-0.12127988	-0.12635380
-0.12561761	-0.13014442
-0.13177869	-0.13447654
-0.13950782	-0.14205778
-0.14798416	-0.14729244
-0.15640032	-0.15577620
-0.16423772	-0.16714799
-0.17127760	-0.17472923
-0.17751874	-0.18122745
-0.18308876	-0.18664259
-0.18817043	-0.18628156
-0.19294108	-0.18140793
-0.19752465	-0.18971121
-0.20195886	-0.19368231
-0.20619521	-0.19873649
-0.21014364	-0.20631766
-0.21376404	-0.22148013
-0.21716827	-0.22599280
-0.22066715	-0.22761732
-0.22469296	-0.23032492
-0.22957087	-0.23447651
-0.23520677	-0.23393500
-0.24087046	-0.23574007
-0.24528863	-0.24187726
-0.24708982	-0.24458486
-0.24535750	-0.24368232
-0.23995604	-0.23916966
-0.23149429	-0.22527075
-0.22104152	-0.21137184
-0.20979567	-0.19855595
-0.19882096	-0.18808663
-0.18886800	-0.18339348
-0.18026191	-0.18267149
-0.17290545	-0.17653430
-0.16646852	-0.17202169
-0.16067712	-0.16588449
-0.15543629	-0.15397114
-0.15071230	-0.14512634
-0.14645202	-0.14422381
-0.14276674	-0.14259928
-0.14015652	-0.14566785
-0.13935025	-0.14693141
-0.14086547	-0.14332128
-0.14478211	-0.14711189
-0.15084650	-0.15180504
-0.15863596	-0.15036100
-0.16762754	-0.16119134
-0.17721821	-0.18303251
-0.18677282	-0.19404334
-0.19570933	-0.20234656
-0.20358789	-0.21137184
-0.21017012	-0.21588445
-0.21544190	-0.21425992
-0.21960431	-0.21642601
-0.22304408	-0.22166067
-0.22628237	-0.22671479
-0.22990280	-0.22978342
-0.23446377	-0.23772562
-0.24040724	-0.24223828
-0.24798544	-0.24801445
-0.25721964	-0.25703973
-0.26789486	-0.27202165
-0.27958471	-0.28231049
-0.29169682	-0.29277980
-0.30353355	-0.30342960
-0.31436425	-0.31101084
-0.32349819	-0.32166064
-0.33034807	-0.33628160
-0.33448124	-0.34638989
-0.33566055	-0.34765345
-0.33387852	-0.34566790
-0.32938075	-0.33429605
-0.32266879	-0.31823105
-0.31447086	-0.30685920
-0.30567273	-0.29891700
-0.29721770	-0.29151624
-0.28999063	-0.28700364
-0.28471050	-0.28212994
-0.28184652	-0.27996391
-0.28156814	-0.28122741
-0.28373033	-0.29097474
-0.28789359	-0.29620939
-0.29337898	-0.30288810
-0.29935482	-0.30920577
-0.30494830	-0.31263536
-0.30936226	-0.31227440
-0.31197163	-0.31353790
-0.31237981	-0.31317687
-0.31042436	-0.30631769
-0.30613193	-0.30090255
-0.29963204	-0.29909748
-0.29105347	-0.28610110
-0.28046051	-0.27364624
-0.26792070	-0.25920576
-0.25374815	-0.24711192
-0.23882629	-0.22833937
-0.22472237	-0.21714801
-0.21331123	-0.20577615
-0.20600374	-0.20126355
-0.20312367	-0.19783396
-0.20391785	-0.20415163
-0.20713370	-0.21155232
-0.21165818	-0.21768951
-0.21681996	-0.22436821
-0.22234261	-0.22906137
-0.22814521	-0.22581226
-0.23416491	-0.22671479
-0.24027722	-0.23826712
-0.24630372	-0.24819493
-0.25206384	-0.25902528
-0.25741893	-0.27111912
-0.26229402	-0.28068590
-0.26667809	-0.27797836
-0.27061260	-0.27815884
-0.27417645	-0.27815884
-0.27747044	-0.27581227
-0.28060442	-0.27599275
-0.28368321	-0.27978337
-0.28679335	-0.28303248
-0.28998157	-0.28610110
-0.29322314	-0.29133576
-0.29638633	-0.29440433
-0.29921180	-0.29747295
-0.30133498	-0.29981947
-0.30236199	-0.30108303
-0.30197570	-0.29945850
-0.30002412	-0.29765344
-0.29655433	-0.29458481
-0.29178974	-0.29025269
-0.28607944	-0.28682309
-0.27984491	-0.27797836
-0.27354273	-0.27075815
-0.26765200	-0.26281589
-0.26268610	-0.25613719
-0.25920072	-0.24855596
-0.25772169	-0.24819493
-0.25855735	-0.24783391
-0.26158613	-0.25252706
-0.26618952	-0.26119131
-0.27140757	-0.27003610
-0.27622923	-0.27888089
-0.27985680	-0.28447652
-0.28183982	-0.28628159
-0.28206703	-0.28303248
-0.28069887	-0.27761734
-0.27817890	-0.27509028
-0.27540627	-0.27454871
-0.27384570	-0.27797836
-0.27514258	-0.28429604
-0.28017822	-0.29007220
-0.28816310	-0.29151624
-0.29658282	-0.29458481
-0.30224112	-0.29332131
-0.30283973	-0.28898919
-0.29820621	-0.28664261
-0.29041991	-0.28574008
-0.28261575	-0.28465706
-0.27725741	-0.28375453
-0.27512977	-0.28158844
-0.27548882	-0.28050542
-0.27690008	-0.28050542
-0.27811328	-0.28158844
-0.27855879	-0.28285199
-0.27837712	-0.28664261
-0.27813736	-0.28953069
