0.00087904	0.00000000
0.00194784	0.00000000
0.00567772	0.00367856
-0.00073682	-0.00481039
-0.01993118	-0.02235425
-0.04088376	-0.04159594
-0.05794446	-0.05574417
-0.07020487	-0.06819469
-0.07744832	-0.07781553
-0.08101766	-0.08404076
-0.08249034	-0.09196377
-0.08307646	-0.08885115
-0.08352278	-0.08687037
-0.08422787	-0.08545560
-0.08534886	-0.08630449
-0.08687045	-0.08545560
-0.08866067	-0.09168082
-0.09052895	-0.09337860
-0.09228812	-0.09592527
-0.09378929	-0.09592527
-0.09492360	-0.09620827
-0.09560998	-0.09762311
-0.09578343	-0.09790605
-0.09538381	-0.09734011
-0.09435745	-0.09592527
-0.09267591	-0.09535939
-0.09036304	-0.09337860
-0.08750837	-0.09196377
-0.08425765	-0.08800226
-0.08078595	-0.08460671
-0.07726319	-0.07809848
-0.07382418	-0.06819469
-0.07055274	-0.06281835
-0.06748417	-0.05970573
-0.06461708	-0.05885684
-0.06192960	-0.05829090
-0.05938542	-0.06281835
-0.05693050	-0.06168646
-0.05448890	-0.05913979
-0.05197656	-0.05800790
-0.04934049	-0.05602717
-0.04661249	-0.05291456
-0.04394460	-0.05206567
-0.04160359	-0.05008489
-0.03992099	-0.04301077
-0.03922503	-0.03650254
-0.03977765	-0.03338993
-0.04172923	-0.03056026
-0.04509577	-0.03423882
-0.04975350	-0.04385966
-0.05544827	-0.05461234
-0.06182052	-0.06168646
-0.06844643	-0.06960952
-0.07489938	-0.07866442
-0.08082546	-0.08404076
-0.08601414	-0.08856821
-0.09043367	-0.09422749
-0.09419920	-0.09847200
-0.09746167	-0.09790605
-0.10024676	-0.09677422
-0.10233196	-0.09790605
-0.10328691	-0.09790605
-0.10274316	-0.09649122
-0.10075846	-0.09535939
-0.09797204	-0.09507638
-0.09537707	-0.09366155
-0.09389159	-0.09309566
-0.09404409	-0.09479344
-0.09586944	-0.09903795
-0.09898064	-0.10413128
-0.10277784	-0.10780984
-0.10659901	-0.11205435
-0.10985015	-0.11573291
-0.11226772	-0.11658180
-0.11410438	-0.11601585
-0.11598904	-0.11601585
-0.11855330	-0.11460102
-0.12211829	-0.11488396
-0.12662481	-0.11884552
-0.13175531	-0.12422186
-0.13712826	-0.13271081
-0.14246337	-0.14459538
-0.14765547	-0.15280133
-0.15274572	-0.15959251
-0.15783931	-0.16779852
-0.16302590	-0.17176002
-0.16833812	-0.17345786
-0.17375024	-0.17741936
-0.17920221	-0.18251276
-0.18463443	-0.18421054
-0.19001584	-0.18958688
-0.19535854	-0.19666100
-0.20071460	-0.20288622
-0.20615458	-0.20543295
-0.21173480	-0.21024334
-0.21745245	-0.21731746
-0.22319371	-0.22184491
-0.22867088	-0.22807020
-0.23336393	-0.23174870
-0.23653300	-0.23542726
-0.23741558	-0.23457837
-0.23558334	-0.23259765
-0.23116215	-0.22495753
-0.22472233	-0.22156197
-0.21701042	-0.21052629
-0.20874940	-0.19864178
-0.20055659	-0.19213355
-0.19292100	-0.18788910
-0.18618537	-0.17940009
-0.18052392	-0.17345786
-0.17595606	-0.16949630
-0.17242892	-0.16270512
-0.16993226	-0.16044140
-0.16851525	-0.16327107
-0.16814570	-0.16949630
-0.16860695	-0.17402375
-0.16961981	-0.17600453
-0.17105974	-0.17713636
-0.17304000	-0.17770231
-0.17582279	-0.18109792
-0.17966706	-0.18364459
-0.18470547	-0.18704021
-0.19089113	-0.19156760
-0.19801335	-0.19722694
-0.20575885	-0.20486701
-0.21378978	-0.21477079
-0.22180976	-0.22495753
-0.22960077	-0.23514432
-0.23703122	-0.24335033
-0.24404038	-0.25127333
-0.25061122	-0.25976229
-0.25674051	-0.26287490
-0.26241341	-0.26428974
-0.26758692	-0.26598758
-0.27218983	-0.26400679
-0.27615380	-0.26542163
-0.27948806	-0.27603281
-0.28238115	-0.28353143
-0.28527659	-0.28989816
-0.28887457	-0.29824561
-0.29404670	-0.30447084
-0.30168068	-0.30970573
-0.31246528	-0.32470286
-0.32662717	-0.33984154
-0.34365669	-0.35427278
-0.36214101	-0.36672324
-0.37992787	-0.37733448
-0.39474136	-0.38412565
-0.40500465	-0.38723826
-0.41034821	-0.39275610
-0.41152832	-0.40067911
-0.40992633	-0.40520656
-0.40697256	-0.40591395
-0.40375730	-0.40662140
-0.40090966	-0.40407473
-0.39867473	-0.39799094
-0.39704111	-0.39685911
-0.39582655	-0.39601016
-0.39472637	-0.39784944
-0.39337763	-0.39487833
-0.39146873	-0.39190722
-0.38885459	-0.38610637
-0.38562673	-0.37832487
-0.38210639	-0.37139219
-0.37875780	-0.36997736
-0.37603155	-0.37238258
-0.37418309	-0.37691003
-0.37315443	-0.38228637
-0.37260297	-0.38582343
-0.37207893	-0.38752121
-0.37123561	-0.38186193
-0.36994728	-0.37478775
-0.36829528	-0.36870402
-0.36647359	-0.36559141
-0.36469221	-0.36247879
-0.36312097	-0.36375213
-0.36187971	-0.36544991
-0.36105505	-0.36686474
-0.36072555	-0.36941141
-0.36097562	-0.37153369
-0.36188695	-0.37110925
-0.36350873	-0.37252402
-0.36582235	-0.37747598
-0.36872140	-0.37903225
-0.37201777	-0.38002264
-0.37546942	-0.38681382
-0.37882099	-0.39035088
-0.38184211	-0.38950199
-0.38435820	-0.38695532
-0.38626802	-0.38568193
-0.38755175	-0.38228637
-0.38826951	-0.37988114
-0.38855204	-0.37761742
-0.38857260	-0.38058859
-0.38850397	-0.38285232
-0.38846669	-0.38412565
-0.38849124	-0.38440859
-0.38850668	-0.38610637
-0.38835892	-0.38568193
-0.38785067	-0.38596493
-0.38679010	-0.38695532
-0.38504115	-0.38907754
-0.38256156	-0.38610637
-0.37942523	-0.38370121
-0.37582040	-0.37860781
-0.37202328	-0.37026036
-0.36835650	-0.36233729
-0.36514384	-0.36120546
-0.36267284	-0.35837579
-0.36116406	-0.35979062
-0.36074814	-0.36177135
-0.36145028	-0.36361063
-0.36318886	-0.36431807
-0.36579362	-0.36714768
-0.36903664	-0.36983585
-0.37266859	-0.37705147
-0.37645081	-0.38341820
-0.38017952	-0.38907754
-0.38370365	-0.39360499
-0.38693660	-0.39459538
-0.38986000	-0.39388794
-0.39251629	-0.39219016
-0.39498979	-0.39119977
-0.39738163	-0.39049238
-0.39978394	-0.39332199
-0.40225634	-0.39544427
-0.40480855	-0.40124506
-0.40738729	-0.40633845
-0.40987208	-0.41242218
-0.41208470	-0.41567630
-0.41382268	-0.41921335
-0.41492060	-0.42062819
-0.41532513	-0.42006224
-0.41515094	-0.41850597
-0.41466957	-0.41822296
-0.41421852	-0.41864741
-0.41404215	-0.41765702
-0.41409749	-0.41751558
-0.41387567	-0.41454440
-0.41234708	-0.41397852
-0.40820774	-0.41298813
