0.00023271	0.00000000
0.00058119	0.00160170
0.00638010	0.00694072
0.01282202	0.00587296
0.00791843	0.00587296
0.00092222	0.00320339
-0.00436868	-0.00373733
-0.00739597	-0.01067805
-0.00842841	-0.01227975
-0.00734369	-0.01067805
-0.00416492	-0.00747466
0.00054558	-0.00266951
0.00560053	0.00480509
0.00996940	0.01174581
0.01367371	0.01334763
0.01696091	0.01441538
0.01954149	0.01334763
0.02117892	0.01601708
0.02212964	0.01761878
0.02292137	0.01815271
0.02386879	0.02028835
0.02479132	0.02722907
0.02512934	0.02455950
0.02434097	0.02242386
0.02226384	0.02349174
0.01917134	0.01975441
0.01553373	0.01494932
0.01174720	0.01174581
0.00804733	0.01067805
0.00460695	0.00961030
0.00168343	0.00907636
-0.00032948	0.00427127
-0.00099973	0.00106776
-0.00005515	-0.00213563
0.00243463	-0.00533903
0.00601421	-0.00106782
0.00998925	0.00854242
0.01369249	0.01761878
0.01671477	0.02135611
0.01897462	0.01975441
0.02062671	0.01281369
0.02189927	0.01067805
0.02296101	0.01227975
0.02387719	0.01815271
0.02465268	0.03310192
0.02529435	0.04271221
0.02581012	0.04217827
0.02609939	0.03577149
0.02577605	0.02883077
0.02405733	0.01815271
0.01991408	0.00800860
0.01260312	0.00053394
0.00240414	-0.00266951
-0.00899844	-0.00961024
-0.01904012	-0.01922053
-0.02554861	-0.02295780
-0.02783209	-0.02669513
-0.02678625	-0.02883077
-0.02409731	-0.02722907
-0.02120737	-0.02295780
-0.01865507	-0.01975441
-0.01606324	-0.01441538
-0.01265725	-0.01334757
-0.00779275	-0.00640684
-0.00114258	0.00106776
0.00675732	0.00907636
0.01411731	0.01174581
0.01901699	0.01975441
0.02064979	0.01761878
0.01940125	0.01655102
0.01627513	0.01441538
0.01240954	0.01281369
0.00887288	0.00800860
0.00653042	0.00800860
0.00580812	0.00160170
0.00656402	0.00480509
0.00835733	0.01067805
0.01085094	0.01708484
0.01386817	0.01868665
0.01719640	0.02829683
0.02051592	0.02509344
0.02351420	0.01922047
0.02598919	0.01761878
0.02784611	0.01708484
0.02905095	0.01601708
0.02958717	0.02295780
0.02942307	0.03310192
0.02849877	0.03470373
0.02672343	0.03470373
0.02397050	0.03096640
0.02007126	0.02135611
0.01485671	0.01067805
0.00832094	0.00160170
0.00085773	-0.00533903
-0.00675183	-0.01014417
-0.01372716	-0.01655096
-0.01952852	-0.02295780
-0.02378526	-0.02616125
-0.02633028	-0.02616125
-0.02731481	-0.02616125
-0.02709551	-0.02509344
-0.02597059	-0.02349174
-0.02404982	-0.02135611
-0.02135771	-0.01815271
-0.01805094	-0.01494926
-0.01456138	-0.00907636
-0.01155676	-0.00427121
-0.00975337	-0.00213563
-0.00970231	0.00266957
-0.01164955	-0.00106782
-0.01550767	-0.00640684
-0.02091516	-0.01922053
-0.02734281	-0.02883077
-0.03421004	-0.04484785
-0.04098746	-0.04858518
-0.04727101	-0.05605978
-0.05281253	-0.05499202
-0.05751110	-0.05766153
-0.06137839	-0.05712759
-0.06449804	-0.06246662
-0.06699470	-0.06460226
-0.06901596	-0.06620395
-0.07072369	-0.06940734
-0.07228242	-0.07688200
-0.07384180	-0.08328885
-0.07551296	-0.08542442
-0.07735141	-0.08756006
-0.07937346	-0.09022957
-0.08162473	-0.08809400
-0.08425119	-0.08756006
-0.08744171	-0.08862787
-0.09117971	-0.08809400
-0.09504249	-0.08435667
-0.09843615	-0.08702618
-0.10126309	-0.08916175
-0.10412462	-0.09450078
-0.10746942	-0.10624665
-0.11126743	-0.12012815
-0.11555143	-0.12600106
-0.12063335	-0.12973839
-0.12707423	-0.13400960
-0.13546227	-0.13400960
-0.14604338	-0.14255208
-0.15842240	-0.15643352
-0.17140672	-0.17191672
-0.18299019	-0.18419647
-0.19074027	-0.19220501
-0.19293888	-0.18846768
-0.18982893	-0.18045914
-0.18378000	-0.17885745
-0.17815910	-0.17939132
-0.17540230	-0.18259478
-0.17590204	-0.18473035
-0.17864044	-0.18900162
-0.18235658	-0.18633211
-0.18616779	-0.18259478
-0.18959849	-0.18526429
-0.19240528	-0.19006944
-0.19444370	-0.19113719
-0.19561389	-0.19006944
-0.19585945	-0.19273895
-0.19517621	-0.19060332
-0.19360936	-0.18953550
-0.19123268	-0.18846768
-0.18812099	-0.19006944
-0.18433540	-0.18900162
-0.17994985	-0.18526429
-0.17512403	-0.18099308
-0.17017882	-0.17565405
-0.16554774	-0.16764551
-0.16151264	-0.15589964
-0.15797637	-0.14789110
-0.15477385	-0.14255208
-0.15220897	-0.14468765
-0.15089343	-0.14735717
-0.15113614	-0.15269619
-0.15269850	-0.15963697
-0.15499231	-0.16604376
-0.15735225	-0.16871327
-0.15919617	-0.16871327
-0.16011880	-0.16604376
-0.15996726	-0.16230649
-0.15887634	-0.15643352
-0.15720867	-0.14895886
-0.15536456	-0.14361984
-0.15347430	-0.14255208
-0.15106189	-0.13881475
-0.14703180	-0.13240790
-0.14049797	-0.12813669
-0.13186266	-0.12546718
-0.12265103	-0.11585689
-0.11456276	-0.11318737
-0.10885504	-0.11211962
-0.10608609	-0.10998398
-0.10613038	-0.10571277
-0.10838786	-0.11051786
-0.11204761	-0.10998398
-0.11630623	-0.11478913
-0.12050599	-0.11959422
-0.12419756	-0.12653500
-0.12714954	-0.12867057
-0.12932281	-0.13027227
-0.13081841	-0.13080621
-0.13181368	-0.13027227
-0.13249730	-0.12813669
-0.13302253	-0.13027227
-0.13348569	-0.13454354
-0.13392942	-0.13294178
-0.13436328	-0.13400960
-0.13478236	-0.14041644
-0.13517995	-0.14201814
-0.13555001	-0.14041644
-0.13588455	-0.13934863
-0.13616982	-0.13774693
-0.13638498	-0.13294178
-0.13650453	-0.13027227
-0.13650316	-0.12653500
-0.13636097	-0.12493324
-0.13607003	-0.12386549
-0.13563812	-0.12226373
-0.13508980	-0.12172985
-0.13446800	-0.12279767
-0.13382982	-0.12386549
-0.13324533	-0.12493324
-0.13279246	-0.12973839
-0.13255265	-0.13294178
-0.13260703	-0.13774693
-0.13303031	-0.14148426
-0.13388486	-0.14415377
-0.13521264	-0.14415377
-0.13702694	-0.14415377
-0.13930158	-0.14361984
-0.14196298	-0.14468765
-0.14488320	-0.14735717
-0.14788002	-0.14895886
-0.15072507	-0.15056062
-0.15316275	-0.15269619
-0.15493660	-0.15750134
-0.15582354	-0.16123867
-0.15566656	-0.16657770
-0.15440267	-0.17138278
