0.00068455	0.00000000
0.00627262	0.00481927
0.00612558	0.00883532
0.02899946	0.02516735
0.09412111	0.09959841
0.17948245	0.18393576
0.27339375	0.26746988
0.35427937	0.33788490
0.40413779	0.41311920
0.41926202	0.42382860
0.41445622	0.40508699
0.40100595	0.38848734
0.38508853	0.38741636
0.37283611	0.37617135
0.36763081	0.37724233
0.36892805	0.37376177
0.37339592	0.37643909
0.37729183	0.36921012
0.37892035	0.37402940
0.37963435	0.36921012
0.38247734	0.38447118
0.38944858	0.38500667
0.39937672	0.40508699
0.40776256	0.42008030
0.40880594	0.41900933
0.39844951	0.39625168
0.37652323	0.38259709
0.34727383	0.34912980
0.31783691	0.30896926
0.29380313	0.27576971
0.27630064	0.26746988
0.26357859	0.25836682
0.25305468	0.25783134
0.24192034	0.25783134
0.22761217	0.23989296
0.20892303	0.20749664
0.18676181	0.18420351
0.16355477	0.16144574
0.14191724	0.12663984
0.12372041	0.11378849
0.10984883	0.11325300
0.10037678	0.10575640
0.09485967	0.09236944
0.09258056	0.09692097
0.09270982	0.09799194
0.09439471	0.10200799
0.09678589	0.10281122
0.09898391	0.10575640
0.09988974	0.09959841
0.09803391	0.09986615
0.09177437	0.08942437
0.08067827	0.07951808
0.06788755	0.07148600
0.05974896	0.06345379
0.06063221	0.06613123
0.06947146	0.07389557
0.08182310	0.07978582
0.09321009	0.09076309
0.10077475	0.10281122
0.10344075	0.10602415
0.10151087	0.10977244
0.09631304	0.11164653
0.09014995	0.10870147
0.08650325	0.10843372
0.08952814	0.10629189
0.09981499	0.10495317
0.10879707	0.10575640
0.10858773	0.10495317
0.10295288	0.10147262
0.09986657	0.09906292
0.10189678	0.09504688
0.10466480	0.09076309
0.10316902	0.09558237
0.09783620	0.09665322
0.09369859	0.10066938
0.09419056	0.10281122
0.09909145	0.10174024
0.10600978	0.10307896
0.11197960	0.11084342
0.11540309	0.11834002
0.11814152	0.12556899
0.12446217	0.12878180
0.13758905	0.13038826
0.15796502	0.16091025
0.18316065	0.18393576
0.20817381	0.21659970
0.22686511	0.23721552
0.23674038	0.25354755
0.24650988	0.22971892
0.27697507	0.28058898
0.34665036	0.35314596
0.45477715	0.48781788
0.57849264	0.61044180
0.68302852	0.70709503
0.73974007	0.73547518
0.74313271	0.75421691
0.71154797	0.69638550
0.67179960	0.66104412
0.64267766	0.65515399
0.62796295	0.64872825
0.62214303	0.61231589
0.61914378	0.61124504
0.61546016	0.60642576
0.60947496	0.60000002
0.60028046	0.59785807
0.58703798	0.60160637
0.56883627	0.57001340
0.54493004	0.54216862
0.51531839	0.50522089
0.48145255	0.45863450
0.44652453	0.41847384
0.41472581	0.40562248
0.38942656	0.38206160
0.37130263	0.37081659
0.35815415	0.35528779
0.34693882	0.33440423
0.33578059	0.31994641
0.32381180	0.30147254
0.31050518	0.29317272
0.29624796	0.29317272
0.28264615	0.28701472
0.27154818	0.28433740
0.26402488	0.26639891
0.26022211	0.24872828
0.25969675	0.24283803
0.26175901	0.24712181
0.26568779	0.25702810
0.27081266	0.27630520
0.27647439	0.29156625
0.28188771	0.29745650
0.28596264	0.30789828
0.28721172	0.30040157
0.28390232	0.29076302
0.27453122	0.27336013
0.25846228	0.24631858
0.23639071	0.21258366
0.21038045	0.18420351
0.18348935	0.15876842
0.15914991	0.14912987
0.14048272	0.15153944
0.12972932	0.15046859
0.12801956	0.15769744
0.13554960	0.18393576
0.15197413	0.17724228
0.17672454	0.17590356
0.20909701	0.19518077
0.24808159	0.24497998
0.29189327	0.30682731
0.33708480	0.38768411
0.37737289	0.41900933
0.40356609	0.43721557
0.40725034	0.40990627
0.38750067	0.35716200
0.35354269	0.30763054
0.31926468	0.28888893
0.29529491	0.28005350
0.28575277	0.30575633
0.28971663	0.31941092
0.30354795	0.32690763
0.32228589	0.35796523
0.34050304	0.36840701
0.35316449	0.35207498
0.35651639	0.34457827
0.34878042	0.33788490
0.33061206	0.30977237
0.30539569	0.29236948
0.27896971	0.27148592
0.25789648	0.24899602
0.24657170	0.23775101
0.24560605	0.23935747
0.25284767	0.25033462
0.26534298	0.26880860
0.28049758	0.28755021
0.29632118	0.32235610
0.31121990	0.34725571
0.32369635	0.35207498
0.33220163	0.34725571
0.33528095	0.34243643
0.33195081	0.31860781
0.32208434	0.28995979
0.30661121	0.26961184
0.28746507	0.26506019
0.26728857	0.26586342
0.24892020	0.24738955
0.23475079	0.23855424
0.22616862	0.24310577
0.22333114	0.23748326
0.22531120	0.22275770
0.23046203	0.22704148
0.23681122	0.23935747
0.24239635	0.24631858
0.24553777	0.24631858
0.24506259	0.24792504
0.24046628	0.24631858
0.23196419	0.22945118
0.22039342	0.20642567
0.20699851	0.18607759
0.19318883	0.17376173
0.18034813	0.16519415
0.16970979	0.16439092
0.16222873	0.16064262
0.15841441	0.16465867
0.15819772	0.16974568
0.16094579	0.17108428
0.16564506	0.17295849
0.17116429	0.17670679
0.17649686	0.18045521
0.18093024	0.18554223
0.18412986	0.18848729
0.18613668	0.19036150
0.18727031	0.19437754
0.18793899	0.19892907
0.18838944	0.19866133
0.18848729	0.20160639
0.18767294	0.19571614
0.18520100	0.18259704
0.18058577	0.17028117
0.17392889	0.16010714
0.16584116	0.14805889
0.15703215	0.14886212
0.14792044	0.14859438
0.13851853	0.13681388
0.12857889	0.12690759
0.11786076	0.11566269
0.10637912	0.09344041
0.09453480	0.07710838
0.08307715	0.07469881
0.07291322	0.06800532
0.06484206	0.06238282
0.05932448	0.06345379
0.05637577	0.06746984
0.05560567	0.06746984
0.05636241	0.06425703
0.05790754	0.06398928
0.05956320	0.06345379
0.06080083	0.06265056
0.06127410	0.05783129
0.06080482	0.05702806
0.05933064	0.06024098
0.05681798	0.06077647
0.05315753	0.06131196
