0.00057668	0.00000000
0.00755829	0.00703168
0.02003263	0.01732802
0.02393536	0.02360618
0.02600344	0.02461076
0.03060688	0.02837765
0.03498687	0.03063786
0.03802104	0.03490710
0.04005878	0.03917634
0.04149984	0.04093421
0.04255618	0.03992963
0.04345547	0.04193878
0.04451631	0.04043198
0.04595743	0.04093421
0.04776843	0.04294324
0.04978646	0.04671025
0.05176891	0.04972374
0.05335532	0.05173278
0.05413826	0.05198395
0.05393066	0.05198395
0.05306898	0.05198395
0.05251257	0.04972374
0.05355985	0.05349076
0.05725746	0.05575085
0.06383489	0.06604719
0.07244880	0.07584131
0.08131985	0.08538425
0.08841263	0.09116018
0.09267822	0.09768963
0.09461533	0.09568059
0.09500401	0.09216475
0.09342651	0.09090912
0.08855090	0.08689106
0.08020574	0.08161724
0.07177679	0.07408333
0.06934268	0.07835257
0.07614446	0.08287299
0.08877139	0.08890009
0.09956707	0.09492719
0.10265635	0.10271215
0.09873730	0.10045207
0.09492614	0.10020089
0.09888167	0.10346556
0.11242901	0.11602211
0.13091283	0.13083875
0.14704651	0.14389753
0.15500718	0.15042686
0.15255991	0.15092921
0.14091681	0.13812160
0.12327583	0.11953795
0.10325263	0.09668505
0.08385840	0.07659471
0.06709342	0.06102467
0.05396049	0.04595685
0.04466236	0.03741837
0.03884591	0.03867400
0.03585010	0.04018080
0.03493963	0.04193878
0.03549195	0.04595685
0.03710552	0.04620790
0.03962111	0.04545450
0.04307093	0.04470110
0.04758184	0.04671025
0.05325356	0.05198395
0.06001388	0.06102467
0.06746144	0.06705177
0.07474849	0.07684577
0.08060671	0.07935715
0.08351756	0.07659471
0.08188866	0.07157207
0.07439183	0.06579614
0.06108475	0.05625319
0.04496524	0.04796588
0.03119709	0.03817177
0.02300486	0.02862883
0.01935831	0.02360618
0.01702437	0.01707685
0.01359794	0.01255655
0.00851096	0.00878954
0.00138089	0.00477147
-0.00846055	-0.00075340
-0.01954289	-0.00979406
-0.02814957	-0.01858366
-0.03188914	-0.02536416
-0.03151219	-0.03088897
-0.02943344	-0.03340030
-0.02785796	-0.02988446
-0.02796227	-0.03139126
-0.02988505	-0.03314918
-0.03311601	-0.03540933
-0.03697251	-0.04495227
-0.04094157	-0.05399299
-0.04479663	-0.05349070
-0.04855415	-0.05248618
-0.05238004	-0.05248618
-0.05650376	-0.05273730
-0.06113547	-0.05600202
-0.06636675	-0.06654948
-0.07205421	-0.07207435
-0.07774316	-0.08086389
-0.08274592	-0.08714211
-0.08640905	-0.09090906
-0.08840775	-0.09141135
-0.08885439	-0.09216475
-0.08817971	-0.08915120
-0.08691710	-0.08211952
-0.08553047	-0.08086389
-0.08432607	-0.07985938
-0.08343509	-0.08287293
-0.08283279	-0.08287293
-0.08237798	-0.08412856
-0.08186047	-0.07609242
-0.08105625	-0.07006532
-0.07978453	-0.06604719
-0.07796150	-0.06604719
-0.07563294	-0.06378704
-0.07297314	-0.06830740
-0.07024650	-0.07081866
-0.06774453	-0.07006532
-0.06572345	-0.06654948
-0.06436220	-0.06504267
-0.06375166	-0.05775994
-0.06390908	-0.05449522
-0.06480465	-0.05600202
-0.06638569	-0.06052238
-0.06859140	-0.06278253
-0.07135808	-0.06981415
-0.07461338	-0.07533902
-0.07826120	-0.07734805
-0.08215915	-0.08412856
-0.08609995	-0.09367150
-0.08982562	-0.09794074
-0.09311224	-0.10346562
-0.09590519	-0.10748369
-0.09839217	-0.10472125
-0.10091503	-0.10170770
-0.10380568	-0.10572577
-0.10730711	-0.10974383
-0.11161391	-0.11300856
-0.11694145	-0.11727774
-0.12355819	-0.12405825
-0.13176726	-0.13033652
-0.14184697	-0.14138621
-0.15394466	-0.15996987
-0.16792643	-0.18407834
-0.18322904	-0.20316422
-0.19882238	-0.22174788
-0.21340749	-0.23229533
-0.22582616	-0.24008036
-0.23544592	-0.23957813
-0.24228854	-0.24736315
-0.24689983	-0.24912107
-0.25011340	-0.25062782
-0.25279650	-0.24786538
-0.25560319	-0.24886990
-0.25877148	-0.24786538
-0.26205966	-0.25288802
-0.26485953	-0.25941736
-0.26639813	-0.26469111
-0.26598564	-0.26418883
-0.26334497	-0.26117527
-0.25882733	-0.25615269
-0.25325871	-0.24861878
-0.24753337	-0.23982924
-0.24228553	-0.23756903
-0.23780014	-0.23505777
-0.23409797	-0.23129082
-0.23105194	-0.22677046
-0.22845590	-0.22551483
-0.22605892	-0.21848315
-0.22361702	-0.21245605
-0.22097197	-0.20743346
-0.21812351	-0.20718235
-0.21525787	-0.20592666
-0.21272255	-0.20868909
-0.21095754	-0.20994473
-0.21039720	-0.21396285
-0.21135847	-0.21572077
-0.21393594	-0.22199899
-0.21793593	-0.22877949
-0.22287215	-0.23053741
-0.22804001	-0.23430437
-0.23265328	-0.23982924
-0.23600532	-0.24208939
-0.23760954	-0.24158716
-0.23727624	-0.24987441
-0.23511729	-0.25062782
-0.23148523	-0.24359620
-0.22688116	-0.23480666
-0.22185957	-0.22576594
-0.21694762	-0.21195382
-0.21257313	-0.20165747
-0.20900105	-0.19814163
-0.20629288	-0.19613260
-0.20432051	-0.19663483
-0.20284133	-0.19989955
-0.20160995	-0.20190859
-0.20046431	-0.20391762
-0.19934207	-0.20617777
-0.19823852	-0.20818686
-0.19714855	-0.20793569
-0.19603279	-0.20567554
-0.19482367	-0.19964844
-0.19346838	-0.19412357
-0.19199355	-0.18859869
-0.19056706	-0.18508285
-0.18951215	-0.18206930
-0.18921779	-0.18407834
-0.18990503	-0.18483174
-0.19130962	-0.18784529
-0.19255283	-0.18156707
-0.19253305	-0.18081367
-0.19068320	-0.17930686
-0.18732117	-0.18006027
-0.18325214	-0.17880464
-0.17921501	-0.18483174
-0.17567031	-0.18508285
-0.17284031	-0.17830235
-0.17081602	-0.17152184
-0.16966705	-0.16449022
-0.16946098	-0.16223001
-0.17018048	-0.15871423
-0.17166013	-0.15996987
-0.17362154	-0.16097438
-0.17576896	-0.16348571
-0.17786716	-0.16197890
-0.17977154	-0.16951281
-0.18141906	-0.17729783
-0.18280037	-0.18181819
-0.18392986	-0.18307382
-0.18482618	-0.18709189
-0.18550031	-0.18608737
-0.18595465	-0.18458062
-0.18618657	-0.18483174
-0.18619432	-0.18709189
-0.18598199	-0.18884981
-0.18556212	-0.18809646
-0.18495663	-0.18583626
-0.18419427	-0.18206930
-0.18330619	-0.17805123
-0.18232149	-0.17076844
