0.00108340	0.00000000
0.00234887	0.00205171
0.01053260	0.00943780
0.02417191	0.02338946
0.03441231	0.02913415
0.04467316	0.04144442
0.05214943	0.05006158
0.05578141	0.05498564
0.05686416	0.05621672
0.05730130	0.06032002
0.05838184	0.05908906
0.06018409	0.05785799
0.06178851	0.05744767
0.06216602	0.05539596
0.06117359	0.05539596
0.05977377	0.05580628
0.05937119	0.06155109
0.06108429	0.06606483
0.06544799	0.06852686
0.07235084	0.07304060
0.08105449	0.08411980
0.09039865	0.08904386
0.09919560	0.09273696
0.10660626	0.10217476
0.11231162	0.11407471
0.11643566	0.11735737
0.11932094	0.11981940
0.12131733	0.12474358
0.12270859	0.12802625
0.12378524	0.12515390
0.12490740	0.12310219
0.12619328	0.12556422
0.12671512	0.12474358
0.12465619	0.12392282
0.11942628	0.11981940
0.11270679	0.11694705
0.10642345	0.10709894
0.10087856	0.10012305
0.09540854	0.09232664
0.09051828	0.09109557
0.08835220	0.08904386
0.08975345	0.09150600
0.09405586	0.09848177
0.10105915	0.10586786
0.11131099	0.11284363
0.12484827	0.12679529
0.14006141	0.14361918
0.15400855	0.15592945
0.16369717	0.16249490
0.16714025	0.16947067
0.16393377	0.16085351
0.15544619	0.14772260
0.14428724	0.13500202
0.13305025	0.12638485
0.12336017	0.11530566
0.11590695	0.11407471
0.11087644	0.11202300
0.10816041	0.10915065
0.10739280	0.10750926
0.10802644	0.10627818
0.10947721	0.10545754
0.11124705	0.10791957
0.11297633	0.11202300
0.11444165	0.11530566
0.11553489	0.12187111
0.11624263	0.12515390
0.11662763	0.12474358
0.11680855	0.12351251
0.11693521	0.12310219
0.11716095	0.12105048
0.11761533	0.11817813
0.11838196	0.11858845
0.11948241	0.11858845
0.12086877	0.11612642
0.12242508	0.10997128
0.12397869	0.10997128
0.12531789	0.10956097
0.12621580	0.11366439
0.12645362	0.12022984
0.12584321	0.13130903
0.12424485	0.13869512
0.12157634	0.14033651
0.11781527	0.13623309
0.11299272	0.12474358
0.10718285	0.10956097
0.10049407	0.09150600
0.09306538	0.08329916
0.08507127	0.07427168
0.07673281	0.06688547
0.06832393	0.05744767
0.06016307	0.05416501
0.05258141	0.04431677
0.04587470	0.03446865
0.04025595	0.02995491
0.03583135	0.02872384
0.03260507	0.02421010
0.03050879	0.02585149
0.02944310	0.02831352
0.02931254	0.03610992
0.03004851	0.04103410
0.03161283	0.04226506
0.03397967	0.04062366
0.03709699	0.03857207
0.04083483	0.03734100
0.04494587	0.04021335
0.04907100	0.04636848
0.05281109	0.05170286
0.05584282	0.05703735
0.05801897	0.05826831
0.05939813	0.05867875
0.06019105	0.06032002
0.06066436	0.06196141
0.06104964	0.06524420
0.06149212	0.06606483
0.06204103	0.06442344
0.06266920	0.06442344
0.06330365	0.06442344
0.06385510	0.06483376
0.06423907	0.06319249
0.06438787	0.06483376
0.06425597	0.06483376
0.06381871	0.06729591
0.06306943	0.06606483
0.06201351	0.06606483
0.06066380	0.06524420
0.05903539	0.06524420
0.05714202	0.06237173
0.05499312	0.06032002
0.05259243	0.05744767
0.04993790	0.05006158
0.04702134	0.04144442
0.04382960	0.03364789
0.04034582	0.02790320
0.03655052	0.02297902
0.03242287	0.02010667
0.02794141	0.01272058
0.02308342	0.00738609
0.01782133	0.00082064
0.01211436	0.00205171
0.00589037	0.00123107
-0.00098198	0.00123107
-0.00872999	-0.00492406
-0.01769568	-0.01395160
-0.02826471	-0.03282726
-0.04059570	-0.04883051
-0.05414356	-0.05990970
-0.06736456	-0.06770617
-0.07818888	-0.07345098
-0.08505449	-0.08042675
-0.08756210	-0.08288878
-0.08639864	-0.08247846
-0.08282436	-0.08124745
-0.07811059	-0.07632333
-0.07319050	-0.06647515
-0.06857900	-0.05949938
-0.06447469	-0.05498564
-0.06091999	-0.05580634
-0.05793391	-0.05580634
-0.05557599	-0.05662698
-0.05394142	-0.06360281
-0.05311123	-0.07016826
-0.05309662	-0.06852686
-0.05381308	-0.06811655
-0.05509400	-0.06360281
-0.05673379	-0.05826837
-0.05853495	-0.05416495
-0.06034231	-0.05375463
-0.06205694	-0.05498564
-0.06363206	-0.05990970
-0.06506079	-0.06196141
-0.06636028	-0.06401312
-0.06755803	-0.06442344
-0.06868175	-0.06442344
-0.06975348	-0.06319243
-0.07078762	-0.06237179
-0.07179092	-0.06237179
-0.07276420	-0.06360281
-0.07370470	-0.06442344
-0.07460833	-0.06688553
-0.07547139	-0.06893724
-0.07629245	-0.07098889
-0.07707269	-0.07386130
-0.07781598	-0.07714403
-0.07852947	-0.08124745
-0.07922260	-0.08329916
-0.07990664	-0.08699220
-0.08059382	-0.08781290
-0.08129682	-0.08904392
-0.08202785	-0.08781290
-0.08279833	-0.08740252
-0.08361817	-0.08535081
-0.08449548	-0.08535081
-0.08543666	-0.08535081
-0.08644611	-0.08535081
-0.08752672	-0.08781290
-0.08867966	-0.09109563
-0.08990513	-0.09519899
-0.09120262	-0.09807140
-0.09257194	-0.10135412
-0.09401360	-0.10422653
-0.09553023	-0.10299551
-0.09712636	-0.10094380
-0.09881002	-0.09807140
-0.10059266	-0.09601969
-0.10248949	-0.09109563
-0.10451972	-0.08904392
-0.10670668	-0.08699220
-0.10907758	-0.08740252
-0.11166405	-0.08945423
-0.11450170	-0.09273696
-0.11763172	-0.10299551
-0.12109981	-0.11448503
-0.12495735	-0.12802625
-0.12925921	-0.14074683
-0.13405915	-0.15551907
-0.13940050	-0.16249490
-0.14529677	-0.16823965
-0.15170564	-0.16947067
-0.15849757	-0.16988099
-0.16543697	-0.16864997
-0.17219381	-0.16782928
-0.17839997	-0.16906035
-0.18373702	-0.17193270
-0.18802300	-0.17685682
-0.19125764	-0.18301189
-0.19360353	-0.19203937
-0.19530857	-0.19614279
-0.19659686	-0.19983584
-0.19758190	-0.20106691
-0.19823883	-0.20188755
-0.19842322	-0.19819450
-0.19791107	-0.19655311
-0.19647023	-0.19327039
-0.19396627	-0.18834633
-0.19042620	-0.18178087
-0.18601555	-0.17685682
-0.18099366	-0.17275339
-0.17564200	-0.17111200
-0.17021024	-0.16864997
-0.16508408	-0.16700864
-0.16087563	-0.16618794
