0.00071239	0.00000000
0.00800333	0.00888526
0.02387722	0.02100158
0.03163512	0.02907920
0.03224523	0.02746367
0.04074706	0.04119551
0.05339961	0.05169630
0.06689043	0.06219709
0.07953604	0.07835221
0.09031592	0.09531498
0.09841715	0.09854603
0.10326718	0.09693050
0.10479121	0.10177708
0.10408430	0.10339260
0.10351939	0.10258484
0.10515933	0.10500813
0.10933270	0.11147010
0.11468281	0.11389339
0.11920826	0.11631668
0.12150563	0.12277865
0.12111576	0.12035537
0.11804508	0.11550891
0.11239080	0.10904682
0.10439853	0.09854603
0.09470977	0.08804524
0.08448891	0.08239090
0.07528026	0.07835221
0.06864123	0.07350564
0.06567387	0.07269788
0.06655477	0.06946683
0.07026194	0.07027459
0.07482277	0.06946683
0.07806309	0.07269788
0.07849140	0.07592893
0.07583337	0.07350564
0.07081047	0.07108235
0.06444837	0.06623590
0.05749950	0.05815828
0.05026646	0.04765749
0.04278128	0.04038775
0.03513436	0.03311789
0.02793072	0.02988696
0.02311848	0.02584815
0.02400243	0.02504039
0.03192075	0.03473341
0.04382996	0.04684973
0.05519061	0.05250406
0.06300499	0.06138933
0.06643947	0.07108235
0.06624240	0.07108235
0.06393430	0.06462038
0.06116806	0.06381261
0.05938622	0.05815828
0.05975176	0.05008078
0.06318026	0.05411959
0.07025443	0.06462038
0.08098987	0.07754445
0.09468406	0.10339260
0.11010520	0.12681746
0.12597989	0.14458799
0.14135799	0.15751207
0.15545648	0.16558969
0.16728324	0.16478193
0.17574514	0.16639745
0.18022992	0.16397417
0.18095435	0.17043614
0.17874214	0.17205167
0.17454530	0.17366719
0.16911532	0.16962838
0.16294850	0.16558969
0.15640093	0.15508890
0.14981672	0.15024233
0.14356451	0.13812602
0.13796775	0.13489497
0.13318644	0.13004851
0.12911110	0.12924075
0.12530065	0.12277865
0.12100465	0.12277865
0.11535466	0.11873996
0.10773823	0.11147010
0.09814987	0.10177708
0.08726984	0.09127629
0.07629822	0.08077550
0.06672916	0.06865919
0.06006774	0.06138933
0.05741754	0.05735052
0.05903623	0.05896604
0.06409512	0.05977380
0.07083870	0.06300485
0.07714157	0.06865919
0.08123119	0.07108235
0.08224642	0.07431340
0.08041061	0.07835221
0.07682078	0.08077550
0.07301231	0.08158314
0.07047887	0.07592893
0.07029109	0.07431340
0.07290389	0.07512116
0.07817136	0.08481419
0.08551411	0.09369957
0.09414543	0.10662353
0.10327323	0.11631668
0.11223678	0.12520194
0.12056808	0.12681746
0.12799488	0.12843299
0.13440867	0.13247168
0.13982148	0.13408720
0.14432864	0.13570273
0.14808042	0.13812602
0.15125899	0.14539576
0.15405564	0.15024233
0.15664341	0.15831983
0.15914883	0.16882062
0.16163044	0.17609048
0.16407086	0.17851377
0.16638823	0.18336022
0.16846268	0.18336022
0.17016934	0.18174469
0.17140703	0.18659127
0.17211251	0.17932153
0.17226134	0.17528272
0.17185871	0.17366719
0.17092918	0.16316640
0.16950794	0.14862680
0.16763632	0.14943457
0.16536050	0.14620352
0.16272898	0.14539576
0.15979122	0.14701128
0.15659533	0.15105009
0.15318950	0.15347338
0.14963032	0.14943457
0.14600085	0.15105009
0.14242883	0.15428114
0.13906577	0.15831983
0.13593081	0.15831983
0.13252307	0.15993536
0.12753054	0.14862680
0.12010859	0.13004851
0.11198993	0.10985458
0.10374166	0.08966076
0.09189807	0.07108235
0.07429661	0.05411959
0.05273210	0.04038775
0.03109221	0.02261710
0.01253331	0.00484657
-0.00158025	-0.00807756
-0.01120280	-0.01373184
-0.01692346	-0.01615506
-0.01955493	-0.01696283
-0.01993677	-0.01534736
-0.01885007	-0.01938611
-0.01698200	-0.02180940
-0.01491017	-0.02019387
-0.01309086	-0.01696283
-0.01184383	-0.01615506
-0.01134158	-0.01211631
-0.01160520	-0.01615506
-0.01251687	-0.02342486
-0.01384581	-0.02988690
-0.01528796	-0.03473341
-0.01650958	-0.03311795
-0.01719022	-0.02665591
-0.01706092	-0.02100164
-0.01593589	-0.01534736
-0.01373517	-0.00726980
-0.01049242	-0.00726980
-0.00633751	-0.00726980
-0.00145164	-0.00242329
0.00398329	0.00242329
0.00980450	0.01453960
0.01583259	0.02584815
0.02181079	0.03715670
0.02738036	0.04200327
0.03212611	0.04846525
0.03566505	0.04361880
0.03772786	0.04119551
0.03820729	0.03311789
0.03716451	0.02907920
0.03480598	0.02180934
0.03143895	0.02019382
0.02741735	0.01615512
0.02308870	0.01453960
0.01875131	0.01050079
0.01462898	0.00646198
0.01086369	0.00161552
0.00752455	-0.00323099
0.00462569	-0.00403875
0.00214730	0.00080776
0.00005245	0.00726974
-0.00170168	0.01050079
-0.00316053	0.01453960
-0.00437116	0.01130855
-0.00538128	0.00565434
-0.00623669	0.00242329
-0.00697222	-0.00242329
-0.00759971	-0.00726980
-0.00809453	-0.00565428
-0.00838701	-0.00565428
-0.00836348	-0.00969303
-0.00788362	-0.01292408
-0.00681244	-0.01534736
-0.00506271	-0.01857835
-0.00263417	-0.00888532
0.00036241	0.00242329
0.00370795	0.00969303
0.00710330	0.01777065
0.01021981	0.02665591
0.01275329	0.02180934
0.01447185	0.01615512
0.01524612	0.01373184
0.01505971	0.01615512
0.01400420	0.01534736
0.01226480	0.01534736
0.01009759	0.01373184
0.00779984	0.01211631
0.00567146	0.00646198
0.00396814	0.00484657
0.00285632	0.00646198
0.00238049	0.00807750
0.00245732	0.01292408
0.00289969	0.01292408
0.00346919	0.01130855
0.00394625	0.00969303
0.00420116	0.00969303
0.00424637	0.00726974
0.00425121	0.00484657
0.00451610	0.00242329
0.00541282	-0.00080776
0.00730704	-0.00161552
0.01047519	0.00323105
0.01502685	0.01534736
0.02084294	0.02665591
0.02754809	0.03877223
0.03454256	0.04684973
0.04111473	0.05088854
0.04661728	0.05250406
0.05062051	0.05411959
0.05296363	0.05411959
0.05371332	0.05896604
0.05309547	0.05815828
0.05142784	0.05169630
