0.00135021	0.00000000
0.00717469	0.00845587
0.01730298	0.01727939
0.02747928	0.02426469
0.02838724	0.02794123
0.03457682	0.03602946
0.03747003	0.03455877
0.03769223	0.03308821
0.03642868	0.03602946
0.03635536	0.03786767
0.04106648	0.03676474
0.05305775	0.05073524
0.07054807	0.06838238
0.08700566	0.08419120
0.09439294	0.09264708
0.08706544	0.09191179
0.06483515	0.06360292
0.03383289	0.03051472
0.00261231	-0.00367647
-0.02256460	-0.02794117
-0.03912731	-0.04338235
-0.04758416	-0.04595590
-0.05024047	-0.04779410
-0.04989520	-0.04742646
-0.04891938	-0.05183822
-0.04873629	-0.05441177
-0.04964662	-0.05477941
-0.05103466	-0.05183822
-0.05191697	-0.05147058
-0.05160211	-0.05183822
-0.05013622	-0.05000001
-0.04835558	-0.04963237
-0.04757743	-0.05073529
-0.04908740	-0.05220586
-0.05360864	-0.05477941
-0.06097595	-0.06066179
-0.07021490	-0.06875002
-0.07999281	-0.07683825
-0.08911063	-0.08474267
-0.09673796	-0.09191179
-0.10239116	-0.10055149
-0.10582006	-0.10514706
-0.10693084	-0.11268383
-0.10577793	-0.11102939
-0.10260326	-0.10386032
-0.09788173	-0.09448528
-0.09232281	-0.08658087
-0.08678950	-0.07610291
-0.08212115	-0.07555145
-0.07890526	-0.07702208
-0.07727015	-0.07941175
-0.07680272	-0.08106619
-0.07670195	-0.08180147
-0.07616816	-0.07941175
-0.07478338	-0.07683825
-0.07259230	-0.06966913
-0.06990792	-0.06507355
-0.06708884	-0.06066179
-0.06444513	-0.05992645
-0.06225437	-0.06029409
-0.06078717	-0.06286764
-0.06026994	-0.06507355
-0.06079980	-0.06727940
-0.06227212	-0.06727940
-0.06437066	-0.06617647
-0.06662363	-0.06580883
-0.06850133	-0.06507355
-0.06953254	-0.06397057
-0.06941742	-0.06544119
-0.06811182	-0.06250000
-0.06585715	-0.06250000
-0.06314991	-0.05882353
-0.06066194	-0.05845588
-0.05912390	-0.05698532
-0.05916167	-0.06066179
-0.06107503	-0.06102943
-0.06461002	-0.06617647
-0.06891998	-0.06617647
-0.07295455	-0.06654412
-0.07617082	-0.06985295
-0.07894775	-0.07352942
-0.08229319	-0.08161765
-0.08704714	-0.09172791
-0.09307999	-0.10000002
-0.09928034	-0.10496324
-0.10441249	-0.10900736
-0.10787977	-0.10716909
-0.10979044	-0.10496324
-0.11057089	-0.10441178
-0.11060598	-0.10477942
-0.11013421	-0.10643381
-0.10932691	-0.10459560
-0.10838932	-0.10661763
-0.10757788	-0.10569853
-0.10712124	-0.10294116
-0.10709518	-0.10367650
-0.10734645	-0.10772061
-0.10752960	-0.10937500
-0.10724007	-0.11084557
-0.10616693	-0.11305147
-0.10419381	-0.10992646
-0.10143647	-0.10606617
-0.09820691	-0.10073531
-0.09492605	-0.09466910
-0.09200630	-0.08878678
-0.08974099	-0.08363968
-0.08823766	-0.07941175
-0.08741292	-0.07812500
-0.08704464	-0.08033091
-0.08685725	-0.08216912
-0.08661405	-0.08566177
-0.08618806	-0.08639705
-0.08559395	-0.08400738
-0.08497618	-0.08198529
-0.08455204	-0.08143383
-0.08452988	-0.07977939
-0.08502936	-0.08235294
-0.08605201	-0.08382350
-0.08753263	-0.08180147
-0.08944721	-0.08327204
-0.09191278	-0.08566177
-0.09521548	-0.08547795
-0.09965030	-0.09356618
-0.10530013	-0.10716909
-0.11204172	-0.11985296
-0.11969465	-0.13088238
-0.12809248	-0.14448529
-0.13705361	-0.15238971
-0.14633615	-0.15606618
-0.15562740	-0.16011029
-0.16457327	-0.16746324
-0.17282169	-0.16930145
-0.18002839	-0.17334557
-0.18576495	-0.17812502
-0.18953583	-0.18253678
-0.19231418	-0.19209558
-0.19812040	-0.20625001
-0.20841141	-0.22187501
-0.22161061	-0.23345590
-0.23425397	-0.24338233
-0.24489425	-0.24852943
-0.25351366	-0.25165439
-0.26042393	-0.25716913
-0.26610681	-0.26654410
-0.27086148	-0.27518380
-0.27445281	-0.27977943
-0.27615678	-0.28474265
-0.27529338	-0.28327209
-0.27183163	-0.28125000
-0.26657808	-0.27996325
-0.26086059	-0.27941179
-0.25597277	-0.27518380
-0.25277117	-0.27003676
-0.25161690	-0.26378679
-0.25246853	-0.25716913
-0.25492099	-0.25220591
-0.25820628	-0.25551468
-0.26127371	-0.25753677
-0.26298544	-0.25919116
-0.26236781	-0.26084560
-0.25886494	-0.25643384
-0.25259987	-0.24669117
-0.24463813	-0.24044120
-0.23709215	-0.23474264
-0.23242733	-0.22830880
-0.23106603	-0.22849262
-0.22972262	-0.22977942
-0.22424649	-0.22702205
-0.21320236	-0.22058821
-0.19822092	-0.19503677
-0.18170612	-0.16580880
-0.16463839	-0.14007354
-0.14740987	-0.12150735
-0.13170373	-0.10698527
-0.11984044	-0.11139709
-0.11262868	-0.11709559
-0.10925605	-0.12242645
-0.10884389	-0.11985296
-0.11102891	-0.12150735
-0.11553861	-0.11985296
-0.12173446	-0.12058824
-0.12861496	-0.12150735
-0.13520099	-0.12867647
-0.14089088	-0.13492650
-0.14555095	-0.14209557
-0.14932252	-0.15220588
-0.15201944	-0.15808821
-0.15232180	-0.15790439
-0.15026604	-0.15514708
-0.15042673	-0.15275735
-0.15179484	-0.14981616
-0.15060967	-0.14742649
-0.14860998	-0.14908087
-0.14788108	-0.14540440
-0.14874928	-0.14871323
-0.15088579	-0.14816177
-0.15394887	-0.15018380
-0.15763812	-0.15220588
-0.16159365	-0.16176468
-0.16533701	-0.16801471
-0.16830899	-0.17757350
-0.16996957	-0.18547791
-0.16989808	-0.18511027
-0.16786554	-0.17536765
-0.16387872	-0.16470587
-0.15821107	-0.14926469
-0.15141682	-0.13235295
-0.14430627	-0.12683821
-0.13785344	-0.12794119
-0.13302340	-0.12849265
-0.13055049	-0.12922794
-0.13073801	-0.13216913
-0.13336980	-0.13308823
-0.13778262	-0.13621324
-0.14306866	-0.14301473
-0.14833339	-0.14889705
-0.15292592	-0.15165442
-0.15659411	-0.15294117
-0.15950902	-0.15330881
-0.16212887	-0.15183824
-0.16495846	-0.15680146
-0.16830692	-0.16562498
-0.17210475	-0.17463237
-0.17580694	-0.18308824
-0.17849874	-0.19044119
-0.17936042	-0.19136029
-0.17823683	-0.18897057
-0.17567585	-0.18272060
-0.17237696	-0.17426473
-0.16877578	-0.15735292
-0.16508490	-0.14375001
-0.16147007	-0.13474262
-0.15812008	-0.13419116
-0.15521882	-0.13474262
-0.15289001	-0.14319855
-0.15116681	-0.14981616
-0.14999862	-0.15312499
-0.14928426	-0.15294117
-0.14890975	-0.15386027
-0.14877611	-0.15036762
-0.14881039	-0.14613968
