0.00210919	0.00000000
0.00229964	0.00247896
0.00948630	0.00892413
0.00996493	0.01239467
0.01172055	0.00991571
0.01296665	0.01041150
0.01490982	0.01090729
0.01786713	0.01487362
0.02209385	0.02181458
0.02727662	0.02726817
0.03302453	0.03173029
0.03907163	0.03619242
0.04521285	0.03966284
0.05115239	0.03916705
0.05642433	0.04511654
0.06063630	0.05899847
0.06402294	0.07139313
0.06735660	0.07188892
0.07080157	0.07684684
0.07349490	0.07932568
0.07465445	0.06940997
0.07456093	0.06147742
0.07441200	0.06742692
0.07554780	0.07188892
0.07878442	0.07684684
0.08415283	0.08477938
0.09099908	0.09419930
0.09825681	0.10064447
0.10470445	0.10609818
0.10916920	0.11105597
0.11074878	0.11155176
0.10903592	0.10907292
0.10424481	0.10163605
0.09717585	0.09469509
0.08904330	0.08180463
0.08122723	0.07188892
0.07501327	0.07139313
0.07138290	0.07833421
0.07088546	0.08081305
0.07359017	0.08527517
0.07910375	0.09221613
0.08664288	0.08874571
0.09516518	0.08477938
0.10354449	0.08824992
0.11076586	0.09965301
0.11608650	0.10907292
0.11912982	0.12493801
0.11989842	0.12741697
0.11872025	0.12741697
0.11615767	0.12444222
0.11290459	0.11799705
0.10969268	0.10659397
0.10720892	0.10857713
0.10602324	0.10907292
0.10652037	0.10857713
0.10883798	0.11155176
0.11282301	0.11650968
0.11802448	0.11898863
0.12373999	0.12146747
0.12911955	0.12692118
0.13331750	0.13138330
0.13567245	0.13336635
0.13590063	0.13237476
0.13430798	0.13287055
0.13200222	0.13187897
0.13094676	0.13336635
0.13350771	0.13534951
0.14139389	0.14278626
0.15466928	0.14873576
0.17168745	0.15319777
0.18987238	0.19682693
0.20663875	0.21814573
0.21998340	0.23351514
0.22871627	0.24144769
0.23246230	0.25731289
0.23154713	0.22558260
0.22682254	0.21070898
0.21944164	0.20277643
0.21061306	0.20525539
0.20138396	0.19682693
0.19250426	0.19335651
0.18439449	0.18542385
0.17720629	0.17104614
0.17093606	0.16162622
0.16553877	0.15815568
0.16099785	0.15716410
0.15733212	0.16013885
0.15454751	0.16807139
0.15256368	0.16311359
0.15115155	0.15815568
0.14990981	0.14923155
0.14830540	0.14724839
0.14579433	0.14129901
0.14203270	0.13981164
0.13715042	0.13733268
0.13196452	0.13485372
0.12789501	0.13237476
0.12639773	0.13287055
0.12811376	0.13386214
0.13237193	0.13683689
0.13759784	0.14229047
0.14247811	0.14576101
0.14695732	0.15022314
0.15200476	0.15815568
0.15794291	0.16113043
0.16295601	0.16311359
0.16420449	0.16360927
0.16094755	0.15914726
0.15544268	0.15418935
0.15055348	0.15071893
0.14742829	0.14625680
0.14530814	0.13981164
0.14287551	0.13981164
0.13963665	0.13634109
0.13617930	0.13386214
0.13333111	0.13336635
0.13136287	0.13534951
0.13002242	0.13287055
0.12896685	0.13138330
0.12792169	0.13039172
0.12657659	0.12642539
0.12457775	0.12543380
0.12172870	0.11898863
0.11820227	0.11700547
0.11457580	0.11204755
0.11168921	0.11155176
0.11041389	0.10956872
0.11138570	0.11254334
0.11475804	0.10907292
0.12007831	0.10411501
0.12636375	0.09519088
0.13233612	0.13683689
0.13670164	0.15220630
0.13838810	0.15716410
0.13671497	0.16311359
0.13149412	0.16608822
0.12299986	0.12245905
0.11177419	0.09172034
0.09843197	0.07436788
0.08377458	0.05751121
0.06886220	0.05255330
0.05416748	0.04759538
0.03942928	0.04015863
0.02533645	0.02478933
0.01410206	0.01685667
0.00795734	0.01338625
0.00766654	0.00446212
0.01238482	0.01437783
0.02033733	0.02825975
0.02949256	0.03668821
0.03796238	0.03222609
0.04420435	0.03767967
0.04716316	0.03966284
0.04646575	0.04561234
0.04272798	0.05156171
0.03789960	0.05800688
0.03537872	0.04759538
0.03962044	0.03867126
0.05542091	0.03073871
0.08732469	0.08378780
0.13885604	0.18244922
0.20970659	0.26474965
0.28991714	0.35250378
0.35961488	0.42092216
0.40120652	0.42885470
0.40897131	0.39613283
0.38846481	0.36638570
0.35200703	0.32573128
0.31309536	0.30788302
0.28149641	0.28458107
0.26115045	0.25880015
0.25099769	0.24838865
0.24727204	0.24442244
0.24581538	0.23648989
0.24352174	0.23401093
0.23871213	0.23797715
0.23082848	0.22855723
0.21999535	0.20872581
0.20677936	0.19236493
0.19211186	0.17749131
0.17717098	0.15369356
0.16317497	0.14724839
0.15118687	0.15171051
0.14196385	0.14873576
0.13583310	0.14476943
0.13265532	0.13584530
0.13192968	0.13088751
0.13297893	0.12741697
0.13508765	0.13485372
0.13752979	0.13882005
0.13954152	0.14526522
0.14037003	0.14576101
0.13946559	0.14328206
0.13671826	0.13782847
0.13253406	0.13039172
0.12765385	0.12493801
0.12284392	0.12295485
0.11866895	0.11750126
0.11544153	0.10857713
0.11329524	0.10361922
0.11228786	0.10262764
0.11246446	0.10213184
0.11385955	0.11155176
0.11644363	0.11849284
0.12003696	0.12989593
0.12423334	0.13584530
0.12837060	0.13981164
0.13159236	0.13782847
0.13301101	0.13683689
0.13194610	0.13138330
0.12815507	0.12692118
0.12195219	0.12592959
0.11413694	0.12444222
0.10573605	0.11452651
0.09767877	0.10064447
0.09056023	0.08676255
0.08458214	0.07337630
0.07963954	0.06395638
0.07546807	0.06792271
0.07177448	0.07585526
0.06831534	0.08180463
0.06492872	0.07883000
0.06153923	0.07436788
0.05815844	0.06246901
0.05489236	0.05007434
0.05194545	0.04263759
0.04960151	0.04164600
0.04816197	0.04065442
0.04784355	0.04412496
0.04868001	0.04858696
0.05048557	0.05106592
0.05291937	0.05751121
0.05562285	0.06147742
0.05833668	0.06246901
0.06085414	0.06147742
0.06272237	0.06048584
0.06296521	0.05453646
0.06041229	0.04709971
0.05455672	0.04362917
0.04605077	0.04462075
0.03650432	0.04759538
