0.00057824	0.00000000
0.00555422	0.00626624
0.01233082	0.01210022
0.02631845	0.02117550
0.03160940	0.03176320
0.04414798	0.04170263
0.05213423	0.04840100
0.05486296	0.05293858
0.05482797	0.05639589
0.05518205	0.05596375
0.05888207	0.05617976
0.06889327	0.05942094
0.08772354	0.09118414
0.11571221	0.12035441
0.14857453	0.14866030
0.17731020	0.17588592
0.19341703	0.19706142
0.19517551	0.19273984
0.18805806	0.18517721
0.17970191	0.18409681
0.17541508	0.18625760
0.17707328	0.18517721
0.18381080	0.18193603
0.19284208	0.19273984
0.20055130	0.20462406
0.20487757	0.20678484
0.20767592	0.21974933
0.21244802	0.23163354
0.22027193	0.23271394
0.22984996	0.23163354
0.23922615	0.24351776
0.24659787	0.24567842
0.25057855	0.25108039
0.25045410	0.25432158
0.24647960	0.24675882
0.24000870	0.23379433
0.23318888	0.22839236
0.22816154	0.22407091
0.22616766	0.22407091
0.22717945	0.22623158
0.23017731	0.22839236
0.23367871	0.23055315
0.23620822	0.23379433
0.23663864	0.22839236
0.23437113	0.22731197
0.22931093	0.22623158
0.22163300	0.21866894
0.21139339	0.20570445
0.19808982	0.19273984
0.18044622	0.17545378
0.15717955	0.15168536
0.12960048	0.13331890
0.10381447	0.11711323
0.08720966	0.10242009
0.08237855	0.09593773
0.08668408	0.09701812
0.09576860	0.09809852
0.10585614	0.10133970
0.11433722	0.11171126
0.11997366	0.11495245
0.12297125	0.11927402
0.12443833	0.11927402
0.12550226	0.11927402
0.12678689	0.12035441
0.12838587	0.12791705
0.13007037	0.13656008
0.13151072	0.14628351
0.13242322	0.14736390
0.13263535	0.14520311
0.13208921	0.13764048
0.13081498	0.12791705
0.12889597	0.12143469
0.12643914	0.12359548
0.12355539	0.12359548
0.12034817	0.12359548
0.11691074	0.12251508
0.11332704	0.11819363
0.10967328	0.10955060
0.10601652	0.10630941
0.10240366	0.10414863
0.09884118	0.09874678
0.09526497	0.09312880
0.09150402	0.08945549
0.08725271	0.07994819
0.08209296	0.07303369
0.07563865	0.06979251
0.06780727	0.06309426
0.05892350	0.05574763
0.04922758	0.04753673
0.03832103	0.03197920
0.02568118	0.01447713
0.01161929	0.00151253
-0.00262064	-0.01469320
-0.01544820	-0.02917027
-0.02548538	-0.02960241
-0.03182335	-0.02700949
-0.03404461	-0.02549696
-0.03214653	-0.01944685
-0.02645567	-0.01210028
-0.01756877	-0.01123595
-0.00631511	-0.01080382
0.00628083	-0.00216079
0.01907014	0.00972342
0.03089146	0.02700949
0.04071639	0.04191875
0.04778779	0.05682802
0.05170537	0.06114948
0.05242997	0.05985308
0.05021733	0.04732060
0.04551628	0.03802943
0.03887416	0.02614522
0.03086840	0.01836646
0.02206718	0.00842702
0.01300307	0.01101983
0.00414969	0.00669837
-0.00410450	0.00216079
-0.01147805	-0.00410545
-0.01780881	-0.00518584
-0.02305014	-0.01361281
-0.02724948	-0.01793432
-0.03051662	-0.02095938
-0.03298829	-0.02009505
-0.03479829	-0.02787381
-0.03605759	-0.03500432
-0.03684555	-0.04127055
-0.03721094	-0.03738117
-0.03718285	-0.03781331
-0.03679340	-0.03500432
-0.03612272	-0.03068280
-0.03535828	-0.02808988
-0.03482001	-0.03630078
-0.03487130	-0.03975797
-0.03573869	-0.04040623
-0.03742509	-0.04019016
-0.03983089	-0.04105443
-0.04296448	-0.04213482
-0.04704878	-0.04472774
-0.05245836	-0.05574763
-0.05955387	-0.07152116
-0.06850415	-0.07649094
-0.07916008	-0.08664650
-0.09101474	-0.09745032
-0.10327171	-0.09939498
-0.11502254	-0.10847020
-0.12550734	-0.13007778
-0.13435377	-0.14304233
-0.14164464	-0.15535867
-0.14773355	-0.16810715
-0.15291204	-0.16767502
-0.15715374	-0.16270524
-0.16010554	-0.16270524
-0.16134165	-0.16032845
-0.16070630	-0.15406221
-0.15852453	-0.14909250
-0.15558602	-0.14541918
-0.15295166	-0.14066553
-0.15167449	-0.14325845
-0.15248825	-0.14887643
-0.15552290	-0.15730339
-0.16019164	-0.16724288
-0.16535491	-0.17415732
-0.16969080	-0.17610198
-0.17214565	-0.17588592
-0.17233087	-0.17329299
-0.17068420	-0.16745895
-0.16822343	-0.16378564
-0.16596849	-0.16140884
-0.16441795	-0.16270524
-0.16340214	-0.16270524
-0.16233245	-0.16205704
-0.16063012	-0.15665513
-0.15807934	-0.15168542
-0.15495704	-0.14477098
-0.15193270	-0.14109766
-0.14981307	-0.13980120
-0.14924674	-0.14325845
-0.15050580	-0.14649957
-0.15342055	-0.15125322
-0.15746714	-0.15600693
-0.16194324	-0.16076058
-0.16615161	-0.16400170
-0.16954195	-0.16637856
-0.17180088	-0.17005187
-0.17289145	-0.17415732
-0.17303653	-0.17588592
-0.17263675	-0.17912704
-0.17213173	-0.18128783
-0.17186244	-0.17588592
-0.17200290	-0.16594642
-0.17257811	-0.15816766
-0.17351660	-0.15363008
-0.17468284	-0.15146929
-0.17589217	-0.15751946
-0.17694792	-0.16681069
-0.17771505	-0.17566985
-0.17819338	-0.18063956
-0.17852594	-0.18517721
-0.17892811	-0.18647367
-0.17958480	-0.18668973
-0.18058015	-0.18798620
-0.18188491	-0.18928266
-0.18338981	-0.19014692
-0.18495573	-0.19079518
-0.18645421	-0.18993086
-0.18778801	-0.18777007
-0.18888463	-0.18539327
-0.18966824	-0.18280035
-0.19001484	-0.18042350
-0.18971390	-0.17934310
-0.18848400	-0.17631805
-0.18611947	-0.17307693
-0.18275245	-0.16918755
-0.17898943	-0.16529816
-0.17567416	-0.16637856
-0.17348184	-0.17394125
-0.17274302	-0.18063956
-0.17352797	-0.18712187
-0.17577499	-0.19403630
-0.17935029	-0.19425237
-0.18405820	-0.19079518
-0.18964697	-0.19014692
-0.19582152	-0.19057906
-0.20226304	-0.19490063
-0.20865281	-0.20289540
-0.21469803	-0.21132237
-0.22015756	-0.21737254
-0.22486159	-0.22450304
-0.22872053	-0.22796023
-0.23171857	-0.23012102
-0.23389582	-0.23120141
-0.23532312	-0.23206568
-0.23607786	-0.23033708
-0.23622307	-0.22817630
-0.23579413	-0.22644770
-0.23478946	-0.22407085
-0.23317240	-0.22212619
-0.23088099	-0.22104579
-0.22786069	-0.22169405
-0.22411843	-0.22212619
-0.21979997	-0.22299051
-0.21525510	-0.22407085
