0.00165305	0.00000000
0.00582732	0.00374913
0.00513150	0.00613499
0.00970464	0.00954330
0.01714982	0.01465571
0.02354519	0.02010906
0.02783348	0.02419901
0.03077488	0.02897072
0.03269126	0.03340149
0.03393821	0.03271985
0.03471909	0.03101563
0.03491838	0.03135645
0.03415568	0.03067482
0.03211735	0.03203821
0.02890845	0.02862990
0.02511369	0.02556241
0.02153285	0.01874578
0.01885753	0.01397407
0.01750030	0.00988412
0.01756145	0.01295161
0.01884569	0.01670074
0.02088978	0.02079070
0.02302827	0.02147233
0.02452879	0.02181327
0.02479620	0.02215409
0.02359425	0.01908660
0.02119602	0.01670074
0.01835658	0.01704156
0.01606734	0.01704156
0.01517292	0.01465571
0.01604642	0.01601911
0.01848762	0.01840496
0.02185527	0.01942742
0.02533022	0.01976824
0.02817381	0.02351737
0.02989946	0.02726650
0.03033351	0.02931154
0.02958618	0.03067482
0.02797331	0.03067482
0.02592054	0.02794814
0.02387212	0.02351737
0.02221422	0.02147233
0.02122182	0.01942742
0.02103387	0.01942742
0.02165439	0.02147233
0.02297057	0.02419901
0.02477303	0.02522159
0.02676864	0.02658486
0.02859087	0.02760732
0.02982565	0.02862990
0.03007183	0.02828908
0.02904375	0.02760732
0.02668571	0.02931154
0.02324589	0.02215409
0.01925134	0.01124740
0.01537008	0.00443077
0.01220419	0.00136328
0.01011031	-0.00136334
0.00912689	0.00408995
0.00902731	0.01226997
0.00944756	0.01567829
0.01002181	0.01738238
0.01047141	0.01431489
0.01063572	0.01090658
0.01045930	0.00954330
0.00995816	0.01022494
0.00918527	0.00954330
0.00820431	0.00988412
0.00707587	0.00817990
0.00585182	0.00306749
0.00457699	-0.00170416
0.00329145	-0.00681663
0.00203521	-0.01090664
0.00084891	-0.00988412
-0.00022453	-0.00920248
-0.00114254	-0.00783914
-0.00186494	-0.00477165
-0.00235705	0.00000000
-0.00259381	0.00000000
-0.00256324	0.00068164
-0.00227175	0.00340831
-0.00175126	0.00477159
-0.00107034	0.00272667
-0.00034657	0.00000000
0.00024535	0.00034082
0.00048280	-0.00204498
0.00013893	-0.00408995
-0.00093996	-0.00647581
-0.00275852	-0.00545329
-0.00515400	-0.00749832
-0.00785313	-0.01090664
-0.01056450	-0.01431495
-0.01305316	-0.01567823
-0.01517367	-0.01840490
-0.01687018	-0.01397407
-0.01816048	-0.01329243
-0.01911260	-0.01397407
-0.01981339	-0.01567823
-0.02033420	-0.01601911
-0.02070837	-0.02351737
-0.02093822	-0.02590322
-0.02102762	-0.02760738
-0.02100716	-0.02760738
-0.02090366	-0.02828902
-0.02064118	-0.02453989
-0.01994060	-0.02044988
-0.01836127	-0.01840490
-0.01555471	-0.01295161
-0.01153464	-0.00681663
-0.00670384	-0.00443083
-0.00162871	-0.00136334
0.00325169	0.00511253
0.00775005	0.00954330
0.01184806	0.01329243
0.01555555	0.01738238
0.01883105	0.02079070
0.02158004	0.02351737
0.02368559	0.02351737
0.02503252	0.02488077
0.02552425	0.02419901
0.02509625	0.02283573
0.02372633	0.02249491
0.02142467	0.02044988
0.01821403	0.01601911
0.01414684	0.01295161
0.00941746	0.01056576
0.00456625	0.00749826
0.00059812	0.00681663
-0.00129835	0.00647581
-0.00044484	0.00545335
0.00285220	0.00647581
0.00756245	0.00954330
0.01254966	0.01226997
0.01695015	0.01567829
0.02022125	0.02044988
0.02205856	0.02283573
0.02231950	0.02249491
0.02099128	0.02079070
0.01818988	0.01670074
0.01415944	0.01261079
0.00924821	0.00783908
0.00385185	0.00272667
-0.00166017	-0.00374913
-0.00700553	-0.01261079
-0.01201071	-0.01840490
-0.01658773	-0.02283573
-0.02068287	-0.02828902
-0.02423432	-0.03067487
-0.02717164	-0.02828902
-0.02945595	-0.02897066
-0.03112553	-0.03237903
-0.03231242	-0.03408319
-0.03321841	-0.03408319
-0.03406431	-0.03408319
-0.03503735	-0.03612816
-0.03625500	-0.03680980
-0.03775312	-0.03783232
-0.03949204	-0.03953648
-0.04137638	-0.04260397
-0.04327853	-0.04396731
-0.04506066	-0.04294479
-0.04659522	-0.04260397
-0.04777981	-0.04396731
-0.04854694	-0.04362643
-0.04886667	-0.04294479
-0.04874294	-0.04396731
-0.04820451	-0.04464895
-0.04729679	-0.04396731
-0.04607935	-0.04430813
-0.04463188	-0.04396731
-0.04306708	-0.04192227
-0.04153745	-0.03783232
-0.04023056	-0.03476483
-0.03934740	-0.03510565
-0.03906877	-0.03510565
-0.03951982	-0.03680980
-0.04074211	-0.04124063
-0.04268065	-0.04498976
-0.04518697	-0.04635310
-0.04804033	-0.04839808
-0.05097853	-0.04839808
-0.05373530	-0.05010223
-0.05607323	-0.05351055
-0.05781041	-0.05521470
-0.05883627	-0.05657804
-0.05911748	-0.06066805
-0.05869566	-0.06271303
-0.05767808	-0.06305385
-0.05622471	-0.06032717
-0.05453432	-0.05862302
-0.05283270	-0.05419225
-0.05136101	-0.04907978
-0.05036347	-0.04567146
-0.05006710	-0.04737562
-0.05064961	-0.05010223
-0.05219254	-0.05555558
-0.05462927	-0.06203133
-0.05771014	-0.06748468
-0.06101441	-0.07123381
-0.06402215	-0.07055217
-0.06622662	-0.06884801
-0.06724061	-0.06714386
-0.06687523	-0.06441718
-0.06519391	-0.06169051
-0.06253513	-0.06169051
-0.05946712	-0.06237221
-0.05665919	-0.06100887
-0.05470917	-0.06100887
-0.05399691	-0.06134969
-0.05462188	-0.06203133
-0.05642997	-0.06169051
-0.05910161	-0.06271303
-0.06225450	-0.06407636
-0.06553078	-0.06578052
-0.06865136	-0.06782550
-0.07143737	-0.07021129
-0.07380518	-0.07259715
-0.07574734	-0.07361960
-0.07730787	-0.07361960
-0.07856053	-0.07327878
-0.07959318	-0.07361960
-0.08049662	-0.07361960
-0.08135603	-0.07361960
-0.08223976	-0.07361960
-0.08318595	-0.07498294
-0.08418830	-0.07668710
-0.08518612	-0.08111793
-0.08606459	-0.08623040
-0.08666951	-0.09202456
-0.08683391	-0.09543288
-0.08641359	-0.09781867
-0.08531931	-0.09747785
-0.08353931	-0.08997953
-0.08114643	-0.08316290
-0.07829225	-0.07770962
-0.07519196	-0.07123381
-0.07211020	-0.06646216
-0.06935021	-0.06850713
-0.06724687	-0.06952965
-0.06615569	-0.07021129
-0.06642187	-0.07225633
