0.00121614	0.00000000
0.01743388	0.01601756
0.03435358	0.03661299
0.04118164	0.04210472
0.04173298	0.03798544
0.04425137	0.04118872
0.05160518	0.05034232
0.05878575	0.05354559
0.06253752	0.06041074
0.06344688	0.06590247
0.06354655	0.06544495
0.06448410	0.06361413
0.06688802	0.06590247
0.07043146	0.06727588
0.07427263	0.07322598
0.07758678	0.07459843
0.07991496	0.07734430
0.08121911	0.08100617
0.08180057	0.08100617
0.08231907	0.08009112
0.08387323	0.08329535
0.08761276	0.08924556
0.09382838	0.09473729
0.10198604	0.10343230
0.11060500	0.11166990
0.11736557	0.11533070
0.12104208	0.11807656
0.12188087	0.11944997
0.12088989	0.12036586
0.11958918	0.12219679
0.11994557	0.12677360
0.12377439	0.12814701
0.13175844	0.12951934
0.14300722	0.13455367
0.15552150	0.14782548
0.16706486	0.16475904
0.17592441	0.17803085
0.18139081	0.18947268
0.18391500	0.19084513
0.18477680	0.18672681
0.18520223	0.18260753
0.18538685	0.17711592
0.18418856	0.17803085
0.17992750	0.17894673
0.17213349	0.17711592
0.16258103	0.16704738
0.15347230	0.15652144
0.14533201	0.14691043
0.13731599	0.13546860
0.12835677	0.12311184
0.11799611	0.11029744
0.10678475	0.10343230
0.09623963	0.09199047
0.08842793	0.08924460
0.08519270	0.08878624
0.08688454	0.09382045
0.09129822	0.09610879
0.09491003	0.09931302
0.09599666	0.10022807
0.09565894	0.09748220
0.09600334	0.09336293
0.09833796	0.09107447
0.10276830	0.09748125
0.10860224	0.10343134
0.11487879	0.11716163
0.12075432	0.12814605
0.12570386	0.13821447
0.12956974	0.14004540
0.13249275	0.13958693
0.13477246	0.13546765
0.13670574	0.13775599
0.13845222	0.13729846
0.13996275	0.13729846
0.14097790	0.13912940
0.14107932	0.13684106
0.13977467	0.13272178
0.13660972	0.12997591
0.13130741	0.12814498
0.12390517	0.12814498
0.11483087	0.12585664
0.10486038	0.11761916
0.09496002	0.10388887
0.08607839	0.08695531
0.07897182	0.07185256
0.07411008	0.05995321
0.07166316	0.05720735
0.07154785	0.06224155
0.07350029	0.06681836
0.07715108	0.07185256
0.08208714	0.08604026
0.08789589	0.09748125
0.09419288	0.10434639
0.10063766	0.11578822
0.10694294	0.13272178
0.11287977	0.13684106
0.11828102	0.13134933
0.12304129	0.13180685
0.12711291	0.13226426
0.13049801	0.12814498
0.13323595	0.12677169
0.13539003	0.13180578
0.13703500	0.13500917
0.13824596	0.13775504
0.13909136	0.13638258
0.13962944	0.13775599
0.13990624	0.13729846
0.13995560	0.13363767
0.13979979	0.12631512
0.13945125	0.12265337
0.13891362	0.12311077
0.13818397	0.12906003
0.13725434	0.13592505
0.13611419	0.14141774
0.13475122	0.14096034
0.13315238	0.13821447
0.13130201	0.12585759
0.12917848	0.11990750
0.12674727	0.12265337
0.12394999	0.12631416
0.12068774	0.12997591
0.11679588	0.13272178
0.11201410	0.13043344
0.10597427	0.11670315
0.09828039	0.09976959
0.08880065	0.08054769
0.07813390	0.06956422
0.06768294	0.05949581
0.05888896	0.05171573
0.05248900	0.05217409
0.04850005	0.04805493
0.04648088	0.04439306
0.04573746	0.04485047
0.04547970	0.04713893
0.04498826	0.04759645
0.04375307	0.04988480
0.04151453	0.04942727
0.03820409	0.04210472
0.03384404	0.03066289
0.02847634	0.01876342
0.02216982	0.00823665
0.01513274	0.00686407
0.00789537	0.00549173
0.00138401	0.00045741
-0.00336675	-0.00640768
-0.00578125	-0.01189935
-0.00603555	-0.02105284
-0.00478928	-0.02288371
-0.00275181	-0.01601863
-0.00046380	-0.00686514
0.00171383	0.00228834
0.00354345	0.00594914
0.00486241	0.00732160
0.00556453	0.01189840
0.00560592	0.01647508
0.00502716	0.01510167
0.00398107	0.01739013
0.00275339	0.01235580
0.00175733	0.00182891
0.00147879	-0.00229037
0.00235613	0.00274479
0.00462376	0.01052487
0.00819797	0.01967847
0.01268888	0.03112030
0.01754441	0.03798544
0.02223653	0.04073131
0.02639236	0.03890133
0.02983262	0.03844392
0.03254099	0.02837539
0.03460602	0.02013683
0.03616472	0.01235580
0.03736150	0.01418579
0.03832217	0.01876247
0.03914177	0.03249276
0.03988104	0.04393458
0.04056858	0.05125725
0.04120563	0.05263066
0.04177275	0.04942632
0.04223578	0.04805291
0.04255259	0.04210377
0.04267921	0.04347718
0.04257642	0.04210377
0.04221539	0.03798544
0.04158421	0.03066289
0.04069202	0.03432369
0.03957233	0.03386617
0.03828126	0.03020537
0.03689171	0.02928948
0.03548272	0.03157771
0.03412428	0.02974689
0.03286229	0.03066182
0.03170682	0.02974689
0.03062903	0.03020537
0.02956817	0.02745950
0.02844711	0.02379870
0.02719124	0.02013791
0.02574577	0.01922190
0.02408578	0.01967943
0.02221804	0.02013683
0.02017677	0.01784849
0.01801360	0.01418674
0.01578736	0.01510262
0.01355489	0.01235676
0.01136400	0.01189923
0.00925169	0.01235676
0.00724603	0.01098442
0.00537214	0.00594914
0.00366026	0.00549078
0.00215118	0.00365984
0.00089659	-0.00000095
-0.00005092	-0.00503522
-0.00065584	-0.00503522
-0.00092138	-0.00457680
-0.00090563	-0.00549179
-0.00072430	-0.00686514
-0.00053585	-0.00411928
-0.00050875	-0.00823760
-0.00078112	-0.00961095
-0.00142409	-0.00778109
-0.00242129	-0.00411928
-0.00366834	-0.00366181
-0.00498538	-0.00228935
-0.00613794	-0.00412023
-0.00685566	-0.00732356
-0.00685062	-0.00915444
-0.00583504	-0.01007044
-0.00354389	-0.00778204
0.00023790	-0.00457776
0.00564366	0.00366080
0.01269700	0.01189840
0.02129216	0.02974784
0.03118918	0.04530895
0.04202774	0.05903828
0.05335806	0.06956422
0.06468412	0.07826018
0.07551072	0.08009112
0.08539231	0.08558285
0.09398469	0.09382141
0.10109619	0.09931302
0.10672028	0.10846651
0.11102469	0.11791706
0.11428924	0.12416422
