0.00074224	0.00000000
0.01421265	0.01252103
0.02982669	0.02600527
0.04506068	0.04093421
0.05977596	0.05923426
0.07729919	0.08186853
0.09267367	0.09222245
0.10352273	0.10089087
0.10982619	0.10787380
0.11276536	0.10883701
0.11377116	0.10763299
0.11384095	0.11124492
0.11337815	0.11365283
0.11228855	0.10859621
0.11024441	0.10498440
0.10704322	0.10329878
0.10290064	0.10209489
0.09845553	0.09751987
0.09446837	0.09703827
0.09147237	0.09511197
0.08963422	0.09101856
0.08892049	0.08427644
0.08944564	0.08235013
0.09161843	0.08812904
0.09577937	0.09727907
0.10167406	0.10329878
0.10841440	0.11100411
0.11493252	0.12063563
0.12037115	0.12352514
0.12411325	0.12304354
0.12568174	0.12545145
0.12485240	0.12496996
0.12196298	0.12256205
0.11807902	0.11822784
0.11483823	0.11124492
0.11411992	0.11004090
0.11760220	0.11293042
0.12597430	0.12617385
0.13791047	0.14278829
0.14999767	0.15506864
0.15856841	0.16132915
0.16228171	0.16566336
0.16284996	0.16301465
0.16328649	0.15819883
0.16591103	0.15771735
0.17151463	0.17192388
0.17945291	0.18227792
0.18817711	0.19022393
0.19584595	0.19985557
0.20079614	0.21430290
0.20184723	0.20731997
0.19852717	0.20491207
0.19117452	0.19648445
0.18069482	0.17698050
0.16806519	0.15506864
0.15427047	0.14326990
0.14080225	0.12617385
0.12952270	0.11774623
0.12149072	0.11702383
0.11630166	0.11630142
0.11276187	0.11389363
0.10984273	0.11389363
0.10702150	0.11172640
0.10414390	0.10931861
0.10120116	0.10426199
0.09820965	0.09776068
0.09519897	0.09487116
0.09224440	0.09246325
0.08948193	0.08885145
0.08708574	0.08836985
0.08522244	0.08764744
0.08400251	0.08692515
0.08344565	0.08475804
0.08347066	0.08259094
0.08390485	0.07946062
0.08449368	0.08090532
0.08488099	0.08018303
0.08454217	0.07921982
0.08271359	0.07970142
0.07848276	0.07946062
0.07124434	0.07681191
0.06134544	0.07006979
0.05024974	0.05754876
0.03991027	0.04382372
0.03191815	0.03154349
0.02707420	0.02046716
0.02545957	0.01228023
0.02673291	0.01252103
0.03040950	0.02383816
0.03602980	0.03924870
0.04321866	0.05201054
0.05167373	0.06669879
0.06111778	0.07897902
0.07122995	0.08644354
0.08157034	0.08836985
0.09151827	0.09294486
0.10027991	0.09776068
0.10703637	0.10498440
0.11123215	0.11124492
0.11284517	0.11654222
0.11240168	0.11774623
0.11068879	0.11485672
0.10837732	0.10907781
0.10581018	0.09992778
0.10302199	0.09294486
0.09988798	0.09125936
0.09627111	0.09270406
0.09210150	0.09366727
0.08739106	0.09005535
0.08221196	0.08764744
0.07666789	0.07897902
0.07087199	0.07127380
0.06493507	0.06332767
0.05896194	0.06019747
0.05305119	0.05562246
0.04729579	0.04984343
0.04178239	0.04406452
0.03658937	0.04021192
0.03178354	0.03539610
0.02741637	0.02913558
0.02352174	0.02720928
0.02011337	0.02504218
0.01718448	0.01492894
0.01470889	0.00313032
0.01264216	-0.00385267
0.01092281	-0.00794607
0.00947298	-0.00794607
0.00819741	-0.00120395
0.00697927	0.00361180
0.00567179	0.00601971
0.00408332	0.00577891
0.00195714	0.00024080
-0.00104908	-0.00650132
-0.00535814	-0.00939083
-0.01140539	-0.01468819
-0.01951092	-0.02480137
-0.02984501	-0.03563690
-0.04257430	-0.04815793
-0.05770427	-0.06140137
-0.07443863	-0.07657117
-0.09109648	-0.09005541
-0.10585494	-0.10065013
-0.11741026	-0.11630148
-0.12514269	-0.13773173
-0.12898515	-0.15241992
-0.12923233	-0.16445941
-0.12639295	-0.16421866
-0.12109493	-0.14182520
-0.11402842	-0.11076331
-0.10590528	-0.08307248
-0.09742150	-0.05706716
-0.08921754	-0.04984349
-0.08183572	-0.05201060
-0.07568297	-0.05321455
-0.07100452	-0.05321455
-0.06787877	-0.05417770
-0.06623432	-0.05080664
-0.06588499	-0.05586320
-0.06657466	-0.06380928
-0.06802098	-0.07223696
-0.06995016	-0.07608956
-0.07212062	-0.07849747
-0.07433468	-0.07753432
-0.07644126	-0.07536721
-0.07833312	-0.07344091
-0.07994153	-0.07416326
-0.08122970	-0.07970142
-0.08218705	-0.08620274
-0.08282398	-0.09390801
-0.08316734	-0.09872383
-0.08325611	-0.09751987
-0.08313806	-0.08861065
-0.08286654	-0.07897907
-0.08249789	-0.06982905
-0.08209020	-0.06284612
-0.08170363	-0.06116062
-0.08140267	-0.06260532
-0.08126007	-0.06380928
-0.08136083	-0.06405008
-0.08180185	-0.06669879
-0.08267878	-0.06958824
-0.08405410	-0.07368165
-0.08590473	-0.08066458
-0.08807661	-0.09005541
-0.09029338	-0.09872383
-0.09225531	-0.10931855
-0.09379607	-0.11509752
-0.09498575	-0.11581987
-0.09609739	-0.11437517
-0.09746834	-0.11268961
-0.09936358	-0.10931855
-0.10191578	-0.10955936
-0.10513602	-0.11148566
-0.10895125	-0.11341196
-0.11323505	-0.11485672
-0.11782391	-0.11630148
-0.12252410	-0.11870939
-0.12711649	-0.12183964
-0.13136514	-0.12665546
-0.13502806	-0.13267517
-0.13787085	-0.13700938
-0.13968135	-0.14086205
-0.14028390	-0.14254755
-0.13955493	-0.13941729
-0.13743982	-0.13363832
-0.13397440	-0.12834096
-0.12931155	-0.12183964
-0.12375683	-0.11437517
-0.11781006	-0.10955936
-0.11219521	-0.10859621
-0.10782991	-0.10715145
-0.10567051	-0.10642910
-0.10644169	-0.10931855
-0.11038457	-0.11870939
-0.11717398	-0.12737781
-0.12601931	-0.13652784
-0.13585050	-0.14664096
-0.14552991	-0.15482783
-0.15407169	-0.15699494
-0.16083784	-0.15747654
-0.16565247	-0.15940285
-0.16878381	-0.16277391
-0.17079224	-0.16638577
-0.17230847	-0.17240548
-0.17383878	-0.17770284
-0.17565693	-0.18011075
-0.17779472	-0.17962921
-0.18009666	-0.18035156
-0.18230344	-0.17938840
-0.18413064	-0.17938840
-0.18532823	-0.17962921
-0.18571411	-0.17986995
-0.18518516	-0.17842525
-0.18371375	-0.17577654
-0.18133533	-0.17192394
-0.17813748	-0.16879362
-0.17425562	-0.16566336
-0.16987598	-0.16373706
-0.16523229	-0.16253310
-0.16057818	-0.15988439
-0.15614064	-0.15843970
