0.00037733	0.00000000
0.01007176	0.00858176
0.02061025	0.02393854
0.02619533	0.02461612
0.03121682	0.02777779
0.02892440	0.02687442
0.02758539	0.03206861
0.04129595	0.03997290
0.07740023	0.07317078
0.11897343	0.12624204
0.15011583	0.14972901
0.16684598	0.16621494
0.16965272	0.17479670
0.16122781	0.16486001
0.14564133	0.13211381
0.12634425	0.12827456
0.10516633	0.10907865
0.08287685	0.08468831
0.06012718	0.06300819
0.03778167	0.03523040
0.01669483	0.00835598
-0.00237553	-0.00361335
-0.01866354	-0.01106596
-0.03143661	-0.02009934
-0.04017927	-0.03026199
-0.04480200	-0.03568202
-0.04580991	-0.04448962
-0.04429321	-0.04471546
-0.04164897	-0.04742545
-0.03914826	-0.04358625
-0.03756739	-0.04674798
-0.03701371	-0.03590786
-0.03691585	-0.03432703
-0.03610018	-0.02845526
-0.03299981	-0.03229451
-0.02631880	-0.02235770
-0.01639353	-0.01829267
-0.00628820	-0.00993675
-0.00103275	-0.01038843
-0.00516234	-0.00677508
-0.02013133	-0.02506775
-0.04317495	-0.04945797
-0.06852431	-0.07859081
-0.09039558	-0.09598011
-0.10573171	-0.11585367
-0.11486343	-0.12104785
-0.12025534	-0.12375790
-0.12477440	-0.11878949
-0.13034119	-0.12624210
-0.13723589	-0.13324302
-0.14425136	-0.14205056
-0.14951335	-0.14837396
-0.15137567	-0.16079491
-0.14892025	-0.15898824
-0.14201145	-0.14792234
-0.13110612	-0.12985545
-0.11705972	-0.11382115
-0.10108098	-0.08920509
-0.08477113	-0.07294488
-0.07002160	-0.05803972
-0.05865948	-0.05645889
-0.05196351	-0.05307138
-0.05023631	-0.05578136
-0.05259403	-0.05465221
-0.05710237	-0.05645889
-0.06130426	-0.05600721
-0.06302613	-0.05781388
-0.06119464	-0.05465221
-0.05632940	-0.05645889
-0.05048682	-0.05171633
-0.04660497	-0.04561877
-0.04740797	-0.04313457
-0.05423227	-0.05126470
-0.06627256	-0.06255645
-0.08073107	-0.08333331
-0.09415495	-0.09801263
-0.10444522	-0.11111110
-0.11191035	-0.11720866
-0.11833982	-0.11969286
-0.12527417	-0.12353206
-0.13322294	-0.12872630
-0.14207567	-0.13934058
-0.15166320	-0.14972901
-0.16155210	-0.16711831
-0.17051412	-0.17524844
-0.17687057	-0.18270099
-0.17951925	-0.18292683
-0.17851323	-0.17841011
-0.17496492	-0.16982836
-0.17058630	-0.16169828
-0.16709684	-0.15853661
-0.16568281	-0.16056913
-0.16670300	-0.17073172
-0.16972497	-0.17637759
-0.17376353	-0.17682928
-0.17756923	-0.17524844
-0.17991051	-0.17140919
-0.17983256	-0.16982836
-0.17687656	-0.16756999
-0.17121708	-0.17231256
-0.16365318	-0.17592591
-0.15540250	-0.16576332
-0.14773862	-0.14950317
-0.14162971	-0.13504970
-0.13755436	-0.12714541
-0.13554811	-0.11991870
-0.13538629	-0.13279134
-0.13676588	-0.13437217
-0.13941114	-0.14205056
-0.14310487	-0.14566398
-0.14768080	-0.15063232
-0.15300654	-0.14972901
-0.15897186	-0.16373080
-0.16548441	-0.17073172
-0.17247283	-0.17953932
-0.17989103	-0.18789524
-0.18772146	-0.19467026
-0.19597556	-0.20234871
-0.20469074	-0.20709121
-0.21392731	-0.21205962
-0.22376190	-0.22041553
-0.23427169	-0.22560978
-0.24549629	-0.23803073
-0.25737253	-0.26061428
-0.26964810	-0.27619696
-0.28180662	-0.28861791
-0.29306158	-0.30036134
-0.30249181	-0.30578136
-0.30935302	-0.30668473
-0.31348437	-0.31368566
-0.31560794	-0.31504065
-0.31730035	-0.31752485
-0.32051751	-0.32204157
-0.32676688	-0.32723576
-0.33636928	-0.33333331
-0.34843042	-0.34869015
-0.36159208	-0.36359531
-0.37478510	-0.38166213
-0.38742042	-0.39453477
-0.39930218	-0.40266484
-0.41059011	-0.40808493
-0.42171457	-0.41418248
-0.43307140	-0.42468381
-0.44452158	-0.44229901
-0.45500001	-0.45652664
-0.46265617	-0.46488255
-0.46563050	-0.47154474
-0.46301278	-0.46194673
-0.45538965	-0.44568652
-0.44473439	-0.43258810
-0.43369347	-0.42761970
-0.42454702	-0.42411923
-0.41848370	-0.42186087
-0.41573510	-0.41960251
-0.41611624	-0.41915083
-0.41915372	-0.41802168
-0.42391899	-0.42208672
-0.42909458	-0.42897469
-0.43330380	-0.43394309
-0.43544814	-0.44173443
-0.43490821	-0.43925023
-0.43163031	-0.43112016
-0.42614064	-0.42174798
-0.41945103	-0.41519874
-0.41279972	-0.40379405
-0.40725496	-0.40221322
-0.40333989	-0.40063232
-0.40088341	-0.40063232
-0.39919761	-0.39814812
-0.39746580	-0.39521229
-0.39511836	-0.39024389
-0.39203617	-0.38708222
-0.38855913	-0.38324302
-0.38536122	-0.38233966
-0.38326040	-0.38459802
-0.38299924	-0.38188797
-0.38502264	-0.38527554
-0.38931313	-0.38934058
-0.39537352	-0.39521229
-0.40239522	-0.40085816
-0.40952632	-0.41124660
-0.41608617	-0.41440833
-0.42163515	-0.41960251
-0.42592824	-0.42366755
-0.42883426	-0.42592591
-0.43027341	-0.42931348
-0.43018785	-0.42886180
-0.42854887	-0.42682928
-0.42541906	-0.42073172
-0.42107478	-0.41576332
-0.41612652	-0.40853661
-0.41148156	-0.40605241
-0.40804762	-0.40153569
-0.40633300	-0.40108401
-0.40624410	-0.40311652
-0.40723050	-0.40560073
-0.40862629	-0.40876240
-0.40992925	-0.41260165
-0.41089532	-0.41418248
-0.41148567	-0.41621500
-0.41177043	-0.41734415
-0.41185278	-0.41734415
-0.41183156	-0.41711831
-0.41179106	-0.41666669
-0.41180378	-0.41214997
-0.41194043	-0.41056913
-0.41227508	-0.40853661
-0.41288984	-0.40785909
-0.41387388	-0.40898824
-0.41531870	-0.40808493
-0.41731009	-0.40514904
-0.41991672	-0.40537488
-0.42317659	-0.41000450
-0.42708379	-0.41824752
-0.43157437	-0.43224931
-0.43651566	-0.44636405
-0.44170117	-0.45630080
-0.44685468	-0.45991421
-0.45164928	-0.45934957
-0.45574108	-0.45641375
-0.45881814	-0.45505869
-0.46065733	-0.45449412
-0.46117893	-0.45539749
-0.46048132	-0.45743001
-0.45884311	-0.46104336
-0.45667934	-0.45889795
-0.45445821	-0.45776874
-0.45260075	-0.45697832
-0.45139608	-0.45562333
-0.45096093	-0.45234871
-0.45124841	-0.45370370
-0.45209429	-0.45404243
-0.45327890	-0.45438123
-0.45458356	-0.45392954
-0.45583379	-0.45381659
-0.45692247	-0.45381659
-0.45781842	-0.45449412
-0.45855933	-0.45596206
-0.45923576	-0.45867211
-0.45996669	-0.46115625
-0.46086881	-0.45946252
