0.00034967	0.00000000
0.02860001	0.02945614
0.06967445	0.06797588
0.10831363	0.09667671
0.12488098	0.12311172
0.13573523	0.15332329
0.13860457	0.14652562
0.13548709	0.12915409
0.12908532	0.11858010
0.12090053	0.10574019
0.11198293	0.09516621
0.10342620	0.09743202
0.09609236	0.09365559
0.09030406	0.09441090
0.08579992	0.09667671
0.08202462	0.08308160
0.07848565	0.07024169
0.07503979	0.07477343
0.07200147	0.07401812
0.07001816	0.07024169
0.06981768	0.07779455
0.07191522	0.07854986
0.07636155	0.07175231
0.08262919	0.06797588
0.08968945	0.07401812
0.09626298	0.07854986
0.10116650	0.08987916
0.10363322	0.10347438
0.10348870	0.10951662
0.10113570	0.11858010
0.09739311	0.11706948
0.09327884	0.11102724
0.08981036	0.10196376
0.08786184	0.09743202
0.08808425	0.07024169
0.09087802	0.05815709
0.09640186	0.05135953
0.10459860	0.08157098
0.11522283	0.10271907
0.12785904	0.13293052
0.14192586	0.15105736
0.15666278	0.18655586
0.17110600	0.18655586
0.18405916	0.20468283
0.19408688	0.21072507
0.19958363	0.21676743
0.19902368	0.20694864
0.19153585	0.18731117
0.17787017	0.15332329
0.16136612	0.14577043
0.14767544	0.13897276
0.14251490	0.14048338
0.14961343	0.17220545
0.17040130	0.18957698
0.20223325	0.21223569
0.23648460	0.23187315
0.26279256	0.24848938
0.27641508	0.26132929
0.27944875	0.28096676
0.27655926	0.27945614
0.27147093	0.28474319
0.26588473	0.27945614
0.25985086	0.25604224
0.25327411	0.24848938
0.24793170	0.24622357
0.24776591	0.24622357
0.25591183	0.26057398
0.26836261	0.27039278
0.27485350	0.27341390
0.27513698	0.27719033
0.27489385	0.29154074
0.27401689	0.28549850
0.27074510	0.27643502
0.26511082	0.26359522
0.25809333	0.25302112
0.25030342	0.23187315
0.24160655	0.21676743
0.23127225	0.20996976
0.21839003	0.21374619
0.20242783	0.20996976
0.18362595	0.19486403
0.16301772	0.16842902
0.14212279	0.14501512
0.12250993	0.11329305
0.10540889	0.08610272
0.09145865	0.07703924
0.08056699	0.06797588
0.07185160	0.06873107
0.06380090	0.06268883
0.05506866	0.06193352
0.04575147	0.04984891
0.03723249	0.05362535
0.03011751	0.03549850
0.02359334	0.02190328
0.01674143	0.01359522
0.00954744	0.00377643
0.00292642	-0.00830817
-0.00186578	-0.01057404
-0.00389715	-0.00604230
-0.00289567	-0.00981873
0.00080435	-0.00302112
0.00651097	0.00755286
0.01341269	0.01812685
0.02072238	0.03398788
0.02774382	0.04305136
0.03392205	0.04758310
0.03889944	0.04682779
0.04255025	0.04229605
0.04495358	0.03700912
0.04630663	0.03851962
0.04682080	0.04229605
0.04664310	0.04154074
0.04582295	0.04758310
0.04431909	0.04682779
0.04202615	0.04531717
0.03879972	0.04003024
0.03447169	0.03776431
0.02885527	0.03021145
0.02175584	0.02643502
0.01300444	0.01737165
0.00253387	0.00604224
-0.00950428	-0.00151056
-0.02264038	-0.01812690
-0.03611839	-0.04154080
-0.04908571	-0.05966765
-0.06079827	-0.06873113
-0.07073392	-0.07552868
-0.07865950	-0.07552868
-0.08465900	-0.07250756
-0.08909211	-0.07779455
-0.09249197	-0.08610272
-0.09543332	-0.09818733
-0.09839731	-0.10422963
-0.10168569	-0.10876131
-0.10547088	-0.10951662
-0.10999720	-0.11480361
-0.11576703	-0.12386709
-0.12348357	-0.14879155
-0.13369833	-0.16540784
-0.14640073	-0.17220545
-0.16089584	-0.17598188
-0.17608561	-0.17824775
-0.19081293	-0.18202418
-0.20387337	-0.19818735
-0.21386355	-0.21782482
-0.21962646	-0.22915411
-0.22131015	-0.23368579
-0.22000130	-0.22462237
-0.21654369	-0.21072507
-0.21147074	-0.19788522
-0.20560811	-0.19788522
-0.20017469	-0.19864047
-0.19630869	-0.19788522
-0.19463457	-0.19637460
-0.19512747	-0.18806648
-0.19724007	-0.18126887
-0.20020451	-0.18882173
-0.20334095	-0.19788522
-0.20617436	-0.20468277
-0.20831540	-0.21676737
-0.20933114	-0.22205436
-0.20883708	-0.21525681
-0.20667763	-0.20392752
-0.20294489	-0.19561934
-0.19785969	-0.18957704
-0.19166920	-0.18277943
-0.18461499	-0.17975831
-0.17694689	-0.17673719
-0.16895546	-0.17145014
-0.16099890	-0.16238672
-0.15351258	-0.15634441
-0.14699653	-0.14577037
-0.14198212	-0.14048338
-0.13897528	-0.13746226
-0.13837518	-0.14199394
-0.14039297	-0.14425981
-0.14500608	-0.15105742
-0.15197115	-0.16012084
-0.16085881	-0.16993958
-0.17107336	-0.17749244
-0.18184878	-0.18429005
-0.19224823	-0.18957704
-0.20120619	-0.19335347
-0.20761579	-0.19939578
-0.21042663	-0.19939578
-0.20869462	-0.20241690
-0.20157504	-0.20770395
-0.18833226	-0.20317221
-0.16852905	-0.16314197
-0.14252090	-0.13217521
-0.11209735	-0.08912385
-0.08066193	-0.04380667
-0.05261470	-0.01510572
-0.03261115	-0.01737159
-0.02466662	-0.02492446
-0.02938273	-0.04456192
-0.04188084	-0.05664653
-0.05536771	-0.06193352
-0.06548654	-0.06797582
-0.07096418	-0.06722057
-0.07236023	-0.06193352
-0.07094273	-0.06419939
-0.06809766	-0.06193352
-0.06505969	-0.05740184
-0.06278508	-0.05664653
-0.06189315	-0.05664653
-0.06267128	-0.05815709
-0.06512709	-0.06495470
-0.06907532	-0.07326281
-0.07422926	-0.07477343
-0.08027603	-0.07779455
-0.08692400	-0.07552868
-0.09392527	-0.07024169
-0.10107996	-0.07401812
-0.10823160	-0.09063447
-0.11526136	-0.11404836
-0.12208079	-0.13444108
-0.12862365	-0.15030211
-0.13483174	-0.16163141
-0.14063512	-0.15785497
-0.14592461	-0.14879155
-0.15052785	-0.14728099
-0.15419532	-0.14577037
-0.15661022	-0.14123869
-0.15742843	-0.14652568
-0.15634863	-0.14954680
-0.15320204	-0.14803624
-0.14803857	-0.14879155
-0.14117889	-0.14501512
-0.13321570	-0.13066465
-0.12496759	-0.11858004
-0.11740479	-0.10876131
-0.11153778	-0.10422963
-0.10825159	-0.10196376
-0.10810195	-0.10422963
-0.11115629	-0.10725075
-0.11696450	-0.11555892
-0.12468074	-0.12764353
-0.13327287	-0.13972807
-0.14173250	-0.14954680
-0.14922559	-0.15709972
