-0.00103176	0.00000000
-0.00171475	-0.00236034
-0.00917443	-0.00865459
-0.02636845	-0.02006292
-0.01971657	-0.02635717
-0.01976616	-0.02753735
-0.02285547	-0.02045631
-0.02555106	-0.01848936
-0.02751007	-0.02084970
-0.02944173	-0.03068447
-0.03109191	-0.03225809
-0.03181802	-0.04169947
-0.03102682	-0.03619200
-0.02838430	-0.02714396
-0.02403848	-0.01770258
-0.01867547	-0.01258850
-0.01319319	-0.01101494
-0.00805095	-0.00944138
-0.00278202	-0.00629425
0.00388365	-0.00236034
0.01333389	0.01573563
0.02613300	0.03029108
0.04105297	0.04405975
0.05411886	0.05271435
0.05896941	0.05704165
0.05130537	0.04366636
0.03347816	0.03776550
0.01151212	0.01809597
-0.00972174	-0.00708103
-0.02771285	-0.03107786
-0.04180270	-0.04956728
-0.05241229	-0.06687647
-0.06047808	-0.07435089
-0.06712534	-0.07081038
-0.07346605	-0.07710463
-0.08043255	-0.07828480
-0.08862315	-0.08064514
-0.09817082	-0.08772618
-0.10867746	-0.10857594
-0.11924209	-0.11723053
-0.12858494	-0.13335955
-0.13523759	-0.14634144
-0.13778095	-0.15263569
-0.13518547	-0.13847363
-0.12741168	-0.12745869
-0.11627950	-0.11329663
-0.10564025	-0.10149491
-0.09949681	-0.09598744
-0.09973507	-0.09952796
-0.10613339	-0.10503542
-0.11709528	-0.12037766
-0.12977870	-0.13178599
-0.14090262	-0.14634144
-0.14822115	-0.15893000
-0.15113743	-0.15893000
-0.15020429	-0.14791501
-0.14638771	-0.14358771
-0.14062820	-0.13139260
-0.13369890	-0.12234461
-0.12620424	-0.11919749
-0.11861788	-0.12077105
-0.11131889	-0.11605036
-0.10461901	-0.11605036
-0.09878667	-0.11172307
-0.09406742	-0.10542881
-0.09068836	-0.09874117
-0.08882882	-0.09323364
-0.08854167	-0.08693939
-0.08960561	-0.09087330
-0.09127462	-0.09402049
-0.09205046	-0.09677422
-0.08996503	-0.10031474
-0.08365014	-0.09126669
-0.07337117	-0.08261210
-0.06094342	-0.06766325
-0.04872622	-0.05035406
-0.03868005	-0.04130608
-0.03203584	-0.04445320
-0.02947777	-0.04051930
-0.03150561	-0.04602677
-0.03868406	-0.05507475
-0.05153532	-0.06648308
-0.06978764	-0.07749802
-0.09079169	-0.09205347
-0.10784538	-0.10542881
-0.11081043	-0.10542881
-0.09117569	-0.05704170
-0.04932745	-0.00432730
0.00456655	0.04563332
0.05936912	0.09598744
0.10693568	0.13532650
0.13985820	0.14673483
0.15390690	0.14358771
0.15085095	0.13178599
0.13676359	0.11998427
0.11868054	0.11132967
0.10252610	0.09677422
0.09240843	0.09087336
0.09055927	0.09913456
0.09754764	0.10818255
0.11263546	0.12273800
0.13417381	0.12785208
0.15997769	0.15027535
0.18768232	0.19590878
0.21510391	0.22934699
0.24057813	0.26239181
0.26318666	0.28442168
0.28278849	0.29701018
0.29984260	0.29307628
0.31507197	0.30212426
0.32904980	0.30055070
0.34180421	0.32100713
0.35257751	0.35798585
0.35991481	0.37686861
0.36216006	0.38630998
0.35815632	0.38001573
0.34772766	0.36191976
0.33169410	0.31549966
0.31156343	0.29150271
0.28920606	0.26632571
0.26665667	0.25255704
0.24599351	0.24075532
0.22917262	0.23249412
0.21775387	0.22029901
0.21257405	0.21203780
0.21351792	0.21793866
0.21950619	0.23052716
0.22869727	0.24547601
0.23881261	0.24862313
0.24749814	0.25295043
0.25265485	0.24980330
0.25268388	0.24704957
0.24661556	0.24744296
0.23416112	0.23328090
0.21576446	0.21243119
0.19270934	0.18922114
0.16720240	0.16640437
0.14220546	0.12195122
0.12086052	0.11172307
0.10573502	0.11172307
0.09840301	0.10582221
0.09962928	0.10503542
0.10991663	0.11211646
0.12989880	0.11054289
0.16011903	0.17584574
0.20011669	0.22856021
0.24738471	0.27655387
0.29689935	0.33162868
0.34159589	0.38355625
0.37429437	0.37529504
0.39074758	0.38906372
0.39140615	0.37765539
0.38033107	0.36939418
0.36270854	0.35562551
0.34297374	0.35326517
0.32412234	0.33241546
0.30783585	0.31392610
0.29490128	0.30015731
0.28559908	0.29032254
0.27995017	0.26317859
0.27782956	0.26317859
0.27900136	0.27616048
0.28312445	0.28874898
0.28975794	0.30448461
0.29837790	0.31471288
0.30840543	0.32690799
0.31923303	0.33359563
0.33023414	0.34697092
0.34072289	0.35601890
0.34983325	0.36664045
0.35628983	0.35719907
0.35818449	0.35995281
0.35341039	0.34972465
0.34232304	0.34264362
0.33177355	0.33870971
0.33078796	0.35011804
0.33568326	0.33792293
0.33014503	0.31628644
0.30687138	0.29150271
0.27509364	0.26514554
0.24657714	0.23682141
0.22703479	0.22895360
0.21718879	0.22659326
0.21561538	0.22305274
0.22048783	0.23328090
0.23024771	0.23721480
0.24369378	0.24114871
0.25986609	0.26160502
0.27792013	0.28048778
0.29707733	0.30015731
0.31667250	0.31864679
0.33626595	0.36034620
0.35576877	0.39260423
0.37551442	0.43509042
0.39625266	0.44728565
0.41906026	0.46774197
0.44518653	0.44807243
0.47584561	0.43076313
0.51195699	0.48898506
0.55382639	0.56726992
0.60076094	0.63021243
0.65063512	0.71518493
0.69955069	0.80173087
0.74202031	0.78953576
0.77237254	0.77537370
0.78771996	0.76081824
0.79195631	0.78599524
0.80068558	0.86231315
0.84448564	0.92682922
0.94064486	1.00944138
1.03707099	1.11526346
1.09858251	1.16050363
1.15112734	1.18174672
1.20341134	1.24704957
1.24923050	1.28009439
1.28795207	1.30291104
1.32448840	1.37529516
1.36321735	1.40440607
1.40175748	1.42171526
1.42777419	1.45633364
1.42322433	1.38788366
1.37716556	1.30999207
1.29793799	1.24232888
1.20723557	1.14948869
1.12261510	1.02793074
1.05304754	1.02045631
1.00293815	0.99685287
0.97319424	0.96577501
0.96149868	0.96105433
0.96431130	0.98583794
0.97869599	1.01062155
1.00285983	1.02163649
1.03548515	1.07553101
1.07278180	1.10621548
1.10352027	1.12745881
1.11171603	1.10228157
1.09228575	1.07317066
1.05566120	1.01494884
1.01646256	0.98347759
0.98608786	0.95987415
0.97014111	0.98819828
