0.00074676	0.00000000
0.00578556	0.00725889
0.01656886	0.00967848
0.01281755	0.01555479
0.02198215	0.02004838
0.02910628	0.02696168
0.03420477	0.03352916
0.04044713	0.04217076
0.05173613	0.04701006
0.06879799	0.06913245
0.08960508	0.08606982
0.10974218	0.10335290
0.12435605	0.12063599
0.13088463	0.13653648
0.13001351	0.13066018
0.12452458	0.12374699
0.11760841	0.11510539
0.11175732	0.10922921
0.10845764	0.10646391
0.10831924	0.10577250
0.11122443	0.11268580
0.11640196	0.11959898
0.12257649	0.12409258
0.12830652	0.12824059
0.13246967	0.13135159
0.13468452	0.13273418
0.13531238	0.13307989
0.13488300	0.13342547
0.13344105	0.13238847
0.13047071	0.12754929
0.12535062	0.12132740
0.11786145	0.11579680
0.10849454	0.10888350
0.09849471	0.10127890
0.08955579	0.09298301
0.08327739	0.08606982
0.08067302	0.08019352
0.08180016	0.08503282
0.08551489	0.08745253
0.08974682	0.09263742
0.09265749	0.09713101
0.09396215	0.10093331
0.09502907	0.09782231
0.09767222	0.10058761
0.10289593	0.10162461
0.11038856	0.10853779
0.11869591	0.11890769
0.12586394	0.12927759
0.13027252	0.13377118
0.13113596	0.13722777
0.12830906	0.12893188
0.12158809	0.11579680
0.11010381	0.10162461
0.09292360	0.08641553
0.07240441	0.07293463
0.05676420	0.06982374
0.05244446	0.06533015
0.05666002	0.06118214
0.06275942	0.06083655
0.06690909	0.06463873
0.06922790	0.06463873
0.07147200	0.06567574
0.07465081	0.06982374
0.07846455	0.07569993
0.08198377	0.07950222
0.08438002	0.08295882
0.08524074	0.08710682
0.08454919	0.08848941
0.08252780	0.08606982
0.07947829	0.08123052
0.07566427	0.07569993
0.07124092	0.07051504
0.06622557	0.06360185
0.06050520	0.05737984
0.05388613	0.05115795
0.04617570	0.04528177
0.03727622	0.03905976
0.02725499	0.03318357
0.01636206	0.02557898
0.00498738	0.01278949
-0.00642587	0.00034571
-0.01747750	-0.01935709
-0.02787576	-0.03767717
-0.03742270	-0.05634290
-0.04586141	-0.06325614
-0.05263193	-0.06774974
-0.05694689	-0.06394744
-0.05852382	-0.05910820
-0.05788718	-0.05184931
-0.05598189	-0.04701000
-0.05483095	-0.04735571
-0.05640270	-0.05426890
-0.06116624	-0.06325614
-0.06871770	-0.07189769
-0.07837780	-0.08710682
-0.08926350	-0.10352576
-0.10020712	-0.11441410
-0.10989863	-0.12236434
-0.11729671	-0.12927759
-0.12191591	-0.13066024
-0.12371467	-0.12806773
-0.12280755	-0.12374699
-0.11933556	-0.11890769
-0.11354826	-0.11026615
-0.10594754	-0.10162461
-0.09735522	-0.09160042
-0.08884414	-0.08192188
-0.08154775	-0.07673693
-0.07641713	-0.07673693
-0.07401572	-0.07742828
-0.07442950	-0.07742828
-0.07730827	-0.07984793
-0.08200499	-0.08468717
-0.08775084	-0.09021777
-0.09380649	-0.09505701
-0.09956181	-0.10162461
-0.10457507	-0.10646385
-0.10856900	-0.10646385
-0.11140038	-0.10438991
-0.11302267	-0.10266161
-0.11345075	-0.10162461
-0.11273535	-0.10058761
-0.11094369	-0.10300726
-0.10814776	-0.10438991
-0.10441644	-0.10369861
-0.09981094	-0.10369861
-0.09438337	-0.10231596
-0.08817807	-0.09989631
-0.08123581	-0.09920496
-0.07360108	-0.10266161
-0.06533326	-0.10266161
-0.05652125	-0.06982374
-0.04730147	-0.03145522
-0.03787668	-0.01244384
-0.02853149	0.00691319
-0.01963836	0.02834427
-0.01164451	0.00449359
-0.00503667	-0.01520914
-0.00027929	-0.02108538
0.00225933	-0.02488768
0.00237969	-0.02004838
0.00009866	-0.00691324
-0.00434819	-0.00864154
-0.01055622	-0.00725889
-0.01804371	-0.00933290
-0.02635503	-0.01866573
-0.03513101	-0.02938128
-0.04411370	-0.04459041
-0.05309486	-0.05772555
-0.06185728	-0.06705844
-0.07015854	-0.08779812
-0.07776056	-0.10093331
-0.08447298	-0.10058761
-0.09017692	-0.09851366
-0.09482588	-0.09609401
-0.09843341	-0.08606982
-0.10106333	-0.08641547
-0.10282610	-0.08952641
-0.10387608	-0.09194607
-0.10440111	-0.09955066
-0.10459936	-0.10750085
-0.10464433	-0.10680956
-0.10464790	-0.10577255
-0.10463376	-0.10577255
-0.10453121	-0.10266161
-0.10418919	-0.10127896
-0.10340859	-0.10024196
-0.10198553	-0.09955066
-0.09976333	-0.09782231
-0.09668613	-0.09436572
-0.09284893	-0.08883512
-0.08853752	-0.08641547
-0.08424724	-0.08226752
-0.08067095	-0.07950222
-0.07863776	-0.07984793
-0.07899618	-0.08157623
-0.08244430	-0.08641547
-0.08933368	-0.09402007
-0.09948595	-0.10404426
-0.11209802	-0.11735225
-0.12589583	-0.13031453
-0.13963901	-0.14223987
-0.15245338	-0.15606636
-0.16345894	-0.17023849
-0.17185099	-0.17680609
-0.17745404	-0.18475628
-0.18065517	-0.18890423
-0.18207583	-0.18596613
-0.18235397	-0.17922574
-0.18202423	-0.17455930
-0.18146949	-0.16851020
-0.18091914	-0.16349810
-0.18047242	-0.16539925
-0.18013355	-0.16833735
-0.17985277	-0.17317665
-0.17956701	-0.17888004
-0.17922448	-0.18423784
-0.17878400	-0.18181819
-0.17820314	-0.17991704
-0.17744233	-0.17715174
-0.17649634	-0.17663324
-0.17543478	-0.17611474
-0.17442369	-0.17801589
-0.17371111	-0.17801589
-0.17358032	-0.17559624
-0.17428531	-0.17075700
-0.17599042	-0.17300379
-0.17873320	-0.17939854
-0.18242185	-0.18596613
-0.18686697	-0.19547182
-0.19183286	-0.20428622
-0.19709009	-0.20532322
-0.20245370	-0.20549601
-0.20780192	-0.21119946
-0.21307626	-0.22070515
-0.21826977	-0.23090219
-0.22340848	-0.23988938
-0.22852977	-0.24490148
-0.23366116	-0.24732113
-0.23880212	-0.24490148
-0.24391033	-0.24282753
-0.24889664	-0.24196339
-0.25362739	-0.24369168
-0.25793743	-0.24662977
-0.26164812	-0.25319737
-0.26459110	-0.25924647
-0.26662990	-0.26374006
-0.26767620	-0.26875216
-0.26769879	-0.26996195
-0.26672330	-0.26581401
-0.26482463	-0.25803661
-0.26211596	-0.25181472
-0.25873628	-0.24403733
-0.25483990	-0.23850673
-0.25058949	-0.23418599
-0.24615343	-0.23314899
-0.24170576	-0.23228484
-0.23742795	-0.23297614
-0.23350663	-0.23159349
-0.23012453	-0.23072934
-0.22744223	-0.22969234
