-0.00048492	0.00000000
-0.00117869	-0.00169092
0.00243645	0.00304365
0.01946156	0.01318908
0.01943170	0.02062905
0.02549659	0.02705443
0.03010069	0.02942169
0.02880599	0.02874529
0.02485787	0.02570176
0.02128776	0.02198172
0.01974650	0.01623261
0.02094583	0.01758540
0.02488207	0.02401078
0.03095947	0.02975988
0.03816544	0.03753805
0.04533233	0.04396343
0.05141656	0.04633069
0.05575313	0.05377066
0.05826525	0.05444705
0.05953915	0.05444705
0.06069137	0.05951977
0.06305118	0.06831253
0.06774588	0.06966519
0.07527544	0.07609057
0.08522101	0.08555973
0.09629585	0.09807241
0.10684027	0.10889411
0.11548363	0.11565781
0.12153073	0.12242138
0.12501292	0.12512684
0.12652288	0.12343597
0.12689067	0.12275958
0.12688066	0.12275958
0.12705956	0.12445045
0.12780429	0.12884676
0.12935357	0.12952316
0.13185094	0.13121402
0.13535987	0.13594854
0.13985576	0.13662493
0.14520414	0.13865399
0.15114860	0.14744675
0.15732737	0.15387213
0.16333215	0.15995944
0.16879804	0.17247212
0.17349376	0.17855930
0.17735283	0.18430841
0.18036111	0.18667567
0.18225832	0.18397021
0.18224849	0.17619205
0.17928471	0.17653024
0.17319418	0.16401756
0.16557564	0.15793037
0.15914093	0.16131210
0.15605976	0.15995944
0.15692566	0.15522492
0.16091950	0.16401756
0.16661616	0.16909027
0.17274763	0.16942847
0.17858885	0.17619205
0.18395840	0.18194115
0.18895845	0.18430841
0.19362514	0.19039571
0.19767423	0.19648290
0.20050567	0.20155561
0.20150472	0.20459926
0.20050596	0.20324647
0.19825913	0.19783568
0.19691324	0.19546843
0.20041156	0.20764291
0.21357645	0.22455192
0.23761351	0.24619544
0.26515499	0.27122080
0.28625754	0.29320252
0.29838786	0.30199528
0.30494174	0.30503893
0.30975357	0.30639160
0.31446758	0.30267167
0.31588903	0.30098069
0.30931547	0.29759896
0.29896808	0.29489350
0.29309812	0.30131888
0.29419476	0.30537713
0.29980692	0.30842066
0.30629662	0.30672979
0.31223947	0.30943525
0.32305482	0.32194793
0.35192600	0.36692595
0.40670279	0.42678392
0.47969195	0.50896180
0.55672270	0.58369970
0.62821180	0.65471756
0.69113988	0.71626651
0.74637586	0.76530266
0.79465926	0.80081165
0.83420366	0.84308422
0.86251241	0.87013865
0.88047922	0.87859321
0.89425814	0.90057492
0.91262048	0.92086577
0.94172043	0.95130205
0.98083335	0.99695635
1.02249551	1.05613804
1.05845642	1.08150148
1.08556485	1.09502864
1.10493982	1.11193776
1.11801422	1.12546492
1.12486410	1.12039232
1.12435353	1.10855603
1.11495686	1.11193776
1.09591532	1.10010147
1.06793094	1.05275607
1.03297329	1.01048350
0.99437213	0.98004735
0.95704961	0.94622934
0.92596561	0.91072035
0.90285891	0.88873863
0.88480192	0.88197494
0.86767620	0.85830235
0.85052091	0.84139335
0.83538270	0.82279336
0.82467324	0.83293879
0.81844425	0.81264794
0.81329590	0.81095707
0.80707508	0.79912078
0.80420953	0.81433880
0.81039417	0.81264794
0.82437241	0.82786608
0.83853859	0.84308422
0.84500211	0.85153878
0.84193879	0.84139335
0.83713359	0.84646606
0.84125113	0.84646606
0.85287172	0.85153878
0.85867798	0.85492051
0.84919339	0.84477508
0.82661158	0.80419350
0.79933226	0.78390265
0.77388346	0.75177550
0.75337577	0.73655736
0.73912984	0.73486638
0.72942811	0.73047006
0.71802425	0.70003378
0.69526452	0.67230296
0.65607041	0.63577950
0.61271733	0.59891784
0.58547574	0.58640516
0.58068812	0.57795060
0.59028733	0.58268511
0.60202128	0.60534322
0.60644853	0.62360501
0.59947228	0.59316874
0.58160818	0.55799794
0.55572766	0.53567803
0.52531838	0.50219822
0.49390218	0.46296918
0.46476600	0.45789647
0.44049290	0.44876564
0.42269096	0.43354750
0.41227075	0.41528571
0.40986913	0.40547848
0.41587502	0.41799116
0.43009183	0.44132566
0.45146999	0.46127832
0.47823855	0.50490367
0.50812197	0.53872168
0.53740692	0.55089617
0.55890483	0.56780517
0.56433845	0.57220161
0.55273938	0.54075074
0.53348422	0.52012169
0.52124298	0.52079809
0.52696401	0.54142714
0.55123752	0.56814337
0.58453256	0.60331416
0.61221611	0.63408864
0.62484527	0.64119041
0.62204683	0.62461960
0.60956669	0.60568142
0.59439129	0.59147787
0.58134860	0.56983423
0.57211107	0.56983423
0.56588322	0.57118702
0.56046599	0.56374705
0.55346268	0.55427802
0.54393643	0.54920530
0.53254497	0.52384174
0.52013236	0.50287449
0.50753206	0.49983096
0.49673727	0.49442005
0.49065289	0.49780178
0.49108049	0.50456548
0.49779370	0.50625634
0.50905371	0.51065266
0.52238828	0.52248895
0.53518248	0.53635442
0.54509521	0.56137979
0.55037439	0.57355428
0.55010396	0.57118702
0.54437941	0.56036520
0.53441733	0.53872168
0.52262211	0.51978362
0.51253933	0.52350354
0.50825655	0.52992892
0.51242816	0.53973627
0.52363020	0.55630708
0.53621083	0.55393982
0.54312336	0.54582345
0.54112482	0.53669262
0.53403836	0.52688539
0.52934718	0.51437271
0.53263545	0.52722359
0.54511201	0.54649985
0.56431985	0.57524514
0.58594960	0.59519780
0.60546803	0.61988497
0.61932367	0.62225223
0.62576944	0.62529588
0.62518668	0.62225223
0.61969966	0.62123775
0.61207241	0.61616504
0.60439628	0.61312139
0.59744197	0.59993231
0.59110194	0.58437610
0.58537322	0.57964158
0.58104593	0.57321608
0.57998335	0.58065605
0.58527225	0.59519780
0.60042793	0.62461960
0.62595344	0.65336490
0.65571427	0.68413937
0.68086302	0.69360840
0.69675022	0.70206285
0.70298058	0.70882654
0.70110959	0.70544469
0.69514060	0.69496107
0.69014871	0.69597566
0.68895757	0.69766653
0.69145358	0.69090295
0.69603366	0.68887389
0.70081478	0.69766653
0.70397842	0.70409203
