-0.00033954	0.00000000
-0.01477621	-0.01665992
-0.03228264	-0.02742785
-0.02429889	-0.02986592
-0.02936671	-0.03514832
-0.03612880	-0.03677368
-0.03751235	-0.03067857
-0.03323616	-0.03006905
-0.02528749	-0.03108490
-0.01678036	-0.02214545
-0.01108973	-0.01544088
-0.00980536	-0.01462817
-0.01241712	-0.01178384
-0.01736899	-0.01869160
-0.02315755	-0.02519304
-0.02876298	-0.03433561
-0.03322662	-0.03941488
-0.03577714	-0.04083705
-0.03695695	-0.03839904
-0.03860717	-0.03230393
-0.04251947	-0.04083705
-0.04927228	-0.05383992
-0.05772783	-0.06724906
-0.06483765	-0.07232833
-0.06627776	-0.07375050
-0.05917166	-0.06359202
-0.04477046	-0.04449409
-0.02784179	-0.02234864
-0.01192300	-0.00954896
0.00333663	0.00446975
0.01969184	0.02438033
0.03780098	0.03799272
0.05740859	0.05891919
0.07856803	0.08980083
0.10111387	0.10442913
0.12431420	0.12555873
0.14763422	0.14790738
0.17082517	0.16984963
0.19370404	0.19585538
0.21606876	0.22186100
0.23771715	0.24136531
0.25848410	0.26858997
0.27825910	0.29378307
0.29697642	0.30109715
0.31460282	0.31491268
0.33115754	0.33441687
0.34680700	0.33807397
0.36205187	0.35310853
0.37795421	0.37830150
0.39620152	0.40999591
0.41859975	0.42706215
0.44569573	0.46119463
0.47525126	0.47947991
0.50243908	0.49370170
0.52238435	0.51320601
0.53287536	0.54164970
0.53499353	0.54977655
0.53185552	0.54043067
0.52704960	0.53758633
0.52369553	0.51970744
0.52401787	0.50792360
0.52910674	0.50467288
0.53881884	0.52377081
0.55190825	0.54205608
0.56639445	0.56887448
0.58006674	0.58797240
0.59100497	0.61641610
0.59801620	0.61926043
0.60088634	0.60585129
0.60037524	0.59000409
0.59795129	0.57537591
0.59536612	0.56359208
0.59422225	0.57334411
0.59566540	0.59244215
0.60024285	0.60544491
0.60789186	0.62291753
0.61797839	0.63632667
0.62929207	0.63754570
0.63993722	0.64282811
0.64719731	0.65014219
0.64771575	0.64242172
0.63864809	0.61844778
0.62011760	0.60910201
0.59740299	0.59650552
0.57963055	0.57862663
0.57482809	0.57375050
0.58588630	0.59203577
0.61040837	0.62088585
0.64277327	0.65298665
0.67611402	0.67817962
0.70376176	0.70865500
0.72050619	0.71921980
0.72364324	0.71231210
0.71336347	0.69687116
0.69229144	0.68711901
0.66450983	0.66680217
0.63451529	0.64282811
0.60634279	0.62007320
0.58297998	0.59325480
0.56617659	0.56684279
0.55663830	0.54408777
0.55440491	0.54733849
0.55916172	0.55018282
0.57033294	0.57049978
0.58698279	0.59772456
0.60767591	0.62332380
0.63041401	0.64811051
0.65266949	0.67045915
0.67155725	0.67736697
0.68421471	0.68427467
0.68840891	0.68630636
0.68319523	0.67411625
0.66931754	0.65583098
0.64917040	0.64729786
0.62637794	0.62535560
0.60506415	0.60300696
0.58877051	0.58309627
0.57914555	0.57171881
0.57505792	0.56481111
0.57298321	0.56156039
0.56880563	0.56399834
0.55991751	0.55749691
0.54598516	0.54408777
0.52772927	0.51564407
0.50535560	0.49939048
0.48084626	0.47866726
0.46132147	0.46810246
0.45082921	0.45184886
0.44519541	0.44494104
0.43967232	0.42868757
0.43296388	0.42218614
0.42585221	0.41080856
0.41912171	0.41324663
0.41267210	0.41080856
0.40577105	0.40837061
0.39769432	0.39902484
0.38824597	0.38642824
0.37784448	0.36367333
0.36722735	0.35554647
0.35716918	0.35432756
0.34823161	0.35270214
0.34037927	0.34660709
0.33287981	0.34294999
0.32490042	0.32466471
0.31631663	0.30394149
0.30790445	0.28931332
0.30074018	0.28606260
0.29519829	0.29093862
0.29003087	0.30150342
0.28217831	0.29215765
0.26780120	0.27387238
0.24416284	0.23364484
0.21133991	0.19422996
0.17300151	0.14465666
0.13612752	0.12190163
0.10913138	0.10524178
0.09735141	0.09670866
0.09975456	0.10605443
0.11160224	0.12393332
0.12778823	0.13774884
0.14387910	0.14668834
0.15664880	0.16578627
0.16445091	0.16781795
0.16723813	0.17106867
0.16616252	0.17025602
0.16294844	0.16700530
0.15933418	0.16131651
0.15675703	0.15603411
0.15628749	0.15075171
0.15870778	0.15969121
0.16459434	0.17147505
0.17427900	0.19219828
0.18762723	0.20560753
0.20365486	0.22998786
0.22005428	0.23892725
0.23286803	0.24380338
0.23738901	0.24461603
0.23146087	0.23608291
0.21808465	0.20885813
0.20281430	0.19179201
0.18940492	0.18447781
0.17882366	0.17269397
0.17071904	0.16253555
0.16473351	0.16456723
0.16081490	0.16497362
0.15888910	0.15928483
0.15853064	0.15969121
0.15908064	0.17310035
0.16014396	0.16741157
0.16185726	0.16009748
0.16452090	0.16375458
0.16796325	0.16619265
0.17130786	0.16172290
0.17344610	0.17431939
0.17405178	0.18244612
0.17394520	0.18122709
0.17358781	0.17553842
0.17249596	0.17350674
0.17120536	0.16984963
0.17195596	0.16700530
0.17705618	0.16578627
0.18731116	0.18041444
0.20163727	0.19748068
0.21753912	0.20885813
0.23195234	0.22958148
0.24212523	0.24542868
0.24631314	0.25030470
0.24408956	0.24299061
0.23621705	0.22917509
0.22438456	0.21495330
0.21087062	0.20479476
0.19707911	0.18935394
0.18180771	0.18244612
0.16301657	0.17310035
0.14073803	0.14506292
0.11697100	0.11743188
0.09413390	0.08614385
0.07418065	0.05770016
0.05842492	0.04510367
0.04754370	0.04429090
0.04158567	0.04185295
0.04006891	0.04713535
0.04218832	0.05079234
0.04703015	0.05323040
0.05367287	0.05607474
0.06113318	0.06257617
0.06820132	0.06257617
0.07335147	0.06745231
0.07511860	0.06948400
0.07312694	0.06948400
0.06881772	0.07273471
0.06456035	0.07314098
0.06202354	0.06663954
0.06159257	0.06420159
0.06280626	0.06216979
0.06497526	0.05688739
0.06759172	0.06460786
0.07051674	0.07557905
0.07400477	0.07842338
0.07860503	0.08492482
0.08497185	0.08614385
