0.00060714	0.00000000
0.00201328	-0.00078064
-0.00087102	-0.00156128
-0.00206606	0.00000000
-0.00118209	-0.00234193
-0.00067957	-0.00390321
-0.00229914	-0.00468385
-0.00583254	-0.00936770
-0.01088278	-0.01561278
-0.01755033	-0.02029663
-0.02587746	-0.02419984
-0.03546183	-0.03747070
-0.04538776	-0.04839969
-0.05441217	-0.05776739
-0.06132151	-0.06791568
-0.06534232	-0.07416081
-0.06641234	-0.06947696
-0.06517647	-0.06557375
-0.06272428	-0.06088996
-0.06020115	-0.05776739
-0.05848451	-0.06167054
-0.05805974	-0.06245118
-0.05906717	-0.06479311
-0.06140040	-0.06791568
-0.06475736	-0.06869632
-0.06861959	-0.06635439
-0.07220508	-0.06713504
-0.07450511	-0.06635439
-0.07450436	-0.06557375
-0.07154898	-0.06479311
-0.06566857	-0.06401247
-0.05763833	-0.05854803
-0.04872006	-0.04996097
-0.04020171	-0.04527712
-0.03297003	-0.04059327
-0.02732974	-0.03434819
-0.02312197	-0.02966434
-0.02001265	-0.02810305
-0.01776248	-0.02341920
-0.01634784	-0.01717407
-0.01591825	-0.01405150
-0.01663653	-0.01483214
-0.01847368	-0.01639342
-0.02102690	-0.01639342
-0.02343833	-0.01873535
-0.02449350	-0.02029663
-0.02292042	-0.01873535
-0.01782468	-0.01483214
-0.00914305	-0.00546449
0.00209660	0.00858700
0.01398914	0.01951599
0.02445571	0.02654171
0.03202455	0.03044498
0.03624560	0.03200626
0.03764978	0.02966428
0.03738753	0.03200626
0.03664142	0.03512883
0.03599460	0.03903198
0.03517798	0.03747070
0.03347615	0.03512883
0.03045207	0.03044498
0.02633614	0.02341926
0.02184148	0.01717412
0.01771414	0.01405156
0.01443331	0.01483214
0.01219239	0.01639342
0.01103011	0.02029669
0.01092284	0.02029669
0.01175295	0.02029669
0.01321253	0.01717412
0.01478444	0.01561284
0.01588850	0.01170957
0.01612939	0.01405156
0.01548739	0.01405156
0.01432751	0.01405156
0.01323466	0.01327085
0.01278882	0.01717412
0.01337551	0.01639342
0.01502802	0.01639342
0.01725133	0.01639342
0.01898603	0.01639342
0.01920177	0.01249027
0.01782389	0.01092899
0.01576378	0.01014829
0.01421879	0.01014829
0.01418950	0.01092899
0.01605459	0.01483214
0.01907562	0.01951599
0.02170016	0.02263856
0.02274443	0.02341926
0.02209427	0.02341926
0.02040374	0.02185798
0.01851501	0.01795471
0.01712468	0.01483214
0.01668166	0.01561284
0.01739109	0.01639342
0.01925960	0.01951599
0.02214971	0.02419984
0.02580702	0.02732241
0.02986999	0.03044498
0.03390440	0.03512883
0.03748575	0.03903198
0.04030557	0.04371583
0.04224393	0.04918027
0.04337411	0.05308354
0.04390515	0.05386412
0.04409909	0.05386412
0.04419757	0.05308354
0.04437600	0.05230284
0.04472791	0.04918027
0.04527187	0.04918027
0.04597083	0.04839969
0.04675339	0.04605782
0.04753476	0.04605782
0.04823205	0.04918027
0.04877520	0.04996097
0.04911500	0.05152225
0.04922663	0.05074155
0.04911095	0.04839969
0.04879266	0.04918027
0.04831675	0.04839969
0.04774240	0.04605782
0.04713623	0.04683840
0.04656459	0.05074155
0.04608536	0.05074155
0.04574041	0.04918027
0.04554762	0.04683840
0.04549322	0.04605782
0.04552451	0.03825140
0.04554398	0.02966428
0.04540761	0.03044498
0.04493023	0.03356755
0.04389963	0.03512883
0.04210056	0.04059327
0.03934310	0.04839969
0.03549053	0.04761910
0.03048037	0.03981268
0.02433559	0.03356755
0.01716584	0.01873541
0.00916320	-0.00234193
0.00059755	-0.01249021
-0.00818609	-0.02029663
-0.01676725	-0.02732241
-0.02465507	-0.03122562
-0.03131269	-0.02654177
-0.03622043	-0.02732241
-0.03898342	-0.02966434
-0.03946269	-0.03122562
-0.03787185	-0.02810305
-0.03478441	-0.02810305
-0.03103359	-0.03356755
-0.02753074	-0.02654177
-0.02505638	-0.02498049
-0.02407977	-0.02185792
-0.02465896	-0.02185792
-0.02645950	-0.02107728
-0.02889362	-0.02654177
-0.03132682	-0.02888370
-0.03326458	-0.03200626
-0.03444888	-0.03356755
-0.03484498	-0.03044498
-0.03455400	-0.02654177
-0.03371444	-0.02341920
-0.03245093	-0.02029663
-0.03089273	-0.01717407
-0.02922451	-0.01795471
-0.02769999	-0.02107728
-0.02656878	-0.02341920
-0.02596365	-0.03044498
-0.02587750	-0.03200626
-0.02627567	-0.02966434
-0.02720886	-0.02966434
-0.02878976	-0.03122562
-0.03106929	-0.02654177
-0.03393278	-0.02732241
-0.03708794	-0.03044498
-0.04013120	-0.03278691
-0.04265274	-0.03278691
-0.04433710	-0.03434819
-0.04502975	-0.03669006
-0.04475912	-0.03669006
-0.04372042	-0.03747070
-0.04223657	-0.03825134
-0.04070428	-0.04293519
-0.03952205	-0.03981262
-0.03900655	-0.04371583
-0.03932271	-0.04215455
-0.04045026	-0.04527712
-0.04219329	-0.04137391
-0.04422331	-0.04371583
-0.04615251	-0.04605776
-0.04762497	-0.04918033
-0.04840884	-0.05074161
-0.04845412	-0.05386418
-0.04789239	-0.05932868
-0.04697713	-0.05776739
-0.04599284	-0.05698675
-0.04516497	-0.05152225
-0.04459424	-0.04761904
-0.04422004	-0.04293519
-0.04381057	-0.03903198
-0.04298453	-0.03356755
-0.04129805	-0.03512883
-0.03848830	-0.03512883
-0.03497145	-0.03278691
-0.03226498	-0.03200626
-0.03220234	-0.03278691
-0.03495871	-0.03278691
-0.03879561	-0.03434819
-0.04203772	-0.03747070
-0.04405556	-0.03903198
-0.04487200	-0.03903198
-0.04470095	-0.04059327
-0.04377335	-0.04137391
-0.04230893	-0.04371583
-0.04052088	-0.04215455
-0.03861660	-0.04215455
-0.03678797	-0.03981262
-0.03519861	-0.03825134
-0.03397147	-0.03356755
-0.03318340	-0.03590947
-0.03286464	-0.03669006
-0.03300439	-0.03512883
-0.03355967	-0.03356755
-0.03446465	-0.03512883
-0.03564063	-0.03512883
-0.03700340	-0.03512883
-0.03846867	-0.03512883
-0.03995675	-0.03512883
-0.04139368	-0.03356755
-0.04271336	-0.03356755
-0.04385756	-0.03747070
-0.04477675	-0.03903198
-0.04543030	-0.04059327
-0.04578699	-0.04371583
-0.04582725	-0.04527712
-0.04554367	-0.04371583
-0.04494356	-0.04371583
-0.04405099	-0.04293519
-0.04290871	-0.04137391
-0.04157824	-0.03903198
