0.00131244	0.00000000
0.01744361	0.01652896
0.03539865	0.02930129
0.04066108	0.04432762
0.05077298	0.04958677
0.05292900	0.05409467
0.05562685	0.05484593
0.06089871	0.05785120
0.06867339	0.05935383
0.07836197	0.07137489
0.08927350	0.08940649
0.10038956	0.10217881
0.11007203	0.11269724
0.11604442	0.11870778
0.11618792	0.11419988
0.11011194	0.10142756
0.09950171	0.09466565
0.08650403	0.08039069
0.07305296	0.07137489
0.06168900	0.06611574
0.05508070	0.06085646
0.05381666	0.05184066
0.05570857	0.05409467
0.05759384	0.05484593
0.05730261	0.05409467
0.05448313	0.05184066
0.05047579	0.05108941
0.04751863	0.05033815
0.04760893	0.04808414
0.05154799	0.04658151
0.05857824	0.05184066
0.06667803	0.06686699
0.07333551	0.07287753
0.07648318	0.08189332
0.07517646	0.07588279
0.06972000	0.07588279
0.06129219	0.06085646
0.05139062	0.04808414
0.04139106	0.03380919
0.03232124	0.03305781
0.02480726	0.02103686
0.01911955	0.01502633
0.01525603	0.01051843
0.01302782	0.00751317
0.01213280	0.00976706
0.01221338	0.01352370
0.01290028	0.01352370
0.01384694	0.01652896
0.01475816	0.01728022
0.01541195	0.01502633
0.01567349	0.00976706
0.01549807	0.00751317
0.01492351	0.00601053
0.01405053	0.00300527
0.01301743	0.00375652
0.01197211	0.00901580
0.01104996	0.01277232
0.01035799	0.01577759
0.00996912	0.02103686
0.00992394	0.01953423
0.01023649	0.01502633
0.01090141	0.00976706
0.01190010	0.00601053
0.01320467	0.00375652
0.01478163	0.00601053
0.01659427	0.00901580
0.01860702	0.01728022
0.02078976	0.02479339
0.02311900	0.02779865
0.02557069	0.03005254
0.02810105	0.03230655
0.03061749	0.03380919
0.03295925	0.03230655
0.03490655	0.03155518
0.03622031	0.03155518
0.03669156	0.03155518
0.03617416	0.02930129
0.03459676	0.03080392
0.03195441	0.03080392
0.02829154	0.03080392
0.02369173	0.03080392
0.01828343	0.02404213
0.01225557	0.01352370
0.00586108	0.00375652
-0.00060637	-0.00826448
-0.00685654	-0.02028549
-0.01264122	-0.02554470
-0.01776738	-0.03155524
-0.02208163	-0.03155524
-0.02544276	-0.03005260
-0.02770950	-0.02629602
-0.02877003	-0.02404207
-0.02862970	-0.01803154
-0.02754068	-0.01953417
-0.02608564	-0.02178812
-0.02506442	-0.02779865
-0.02511583	-0.03230655
-0.02624129	-0.03305787
-0.02751876	-0.03080392
-0.02741568	-0.02854997
-0.02539648	-0.02554470
-0.02265017	-0.02253944
-0.02011166	-0.02554470
-0.01803045	-0.02329075
-0.01605640	-0.01652890
-0.01353366	-0.00826448
-0.00991179	0.00000000
-0.00493349	0.00976706
0.00138833	0.01502633
0.00887601	0.01427495
0.01728206	0.01277232
0.02634214	0.01051843
0.03579439	0.02854991
0.04537679	0.05259204
0.05481811	0.07212627
0.06382449	0.08339596
0.07206757	0.09541702
0.07917286	0.08564985
0.08471419	0.07287753
0.08822824	0.07212627
0.08928053	0.08189332
0.08761252	0.08640122
0.08335005	0.08940649
0.07714368	0.08189332
0.07007430	0.07212627
0.06331344	0.06010520
0.05773781	0.05108941
0.05371608	0.05033815
0.05111368	0.05709994
0.04943039	0.05033815
0.04797657	0.04357624
0.04602887	0.04132235
0.04293843	0.03305781
0.03817214	0.02554476
0.03128372	0.02554476
0.02187436	0.01728022
0.00973402	0.00525916
-0.00480516	-0.01953417
-0.02113561	-0.04357624
-0.03937171	-0.06461304
-0.05976544	-0.07287753
-0.08121079	-0.08940649
-0.10150999	-0.09917355
-0.11858739	-0.12321562
-0.13114928	-0.14124715
-0.13869743	-0.15477085
-0.14130469	-0.15552217
-0.13942561	-0.14575505
-0.13380620	-0.12171298
-0.12544706	-0.10217881
-0.11555368	-0.09541696
-0.10543357	-0.09241170
-0.09632720	-0.08865517
-0.08918705	-0.08339596
-0.08447389	-0.08339596
-0.08207607	-0.07888806
-0.08141364	-0.07888806
-0.08167713	-0.08114201
-0.08207572	-0.08264464
-0.08199798	-0.08339596
-0.08106467	-0.08264464
-0.07910522	-0.07813674
-0.07610305	-0.07438016
-0.07214033	-0.07212621
-0.06735493	-0.06461304
-0.06191327	-0.05634862
-0.05599408	-0.04883546
-0.04977994	-0.04432756
-0.04345173	-0.03681445
-0.03718466	-0.02930129
-0.03114338	-0.02704734
-0.02547762	-0.02178812
-0.02031646	-0.01427495
-0.01576452	-0.01051843
-0.01189790	-0.00751317
-0.00876209	0.00000000
-0.00637102	0.00225389
-0.00470717	0.00375652
-0.00372402	0.00225389
-0.00335003	-0.00075132
-0.00349462	-0.00225395
-0.00405732	-0.00075132
-0.00493698	-0.00075132
-0.00604190	-0.00601053
-0.00729714	-0.01202106
-0.00864687	-0.02103680
-0.01005125	-0.02704734
-0.01147641	-0.03155524
-0.01287861	-0.02854997
-0.01418494	-0.02404207
-0.01527481	-0.02028549
-0.01596851	-0.01502627
-0.01603149	-0.00751317
-0.01520176	-0.00075132
-0.01324037	0.00375652
-0.00999047	0.00826442
-0.00542024	0.00901580
0.00037150	0.00751317
0.00718744	0.00826442
0.01478577	0.00976706
0.02292949	0.01126969
0.03141007	0.02028549
0.04004285	0.03681445
0.04864722	0.04958677
0.05703066	0.06686699
0.06499356	0.08114195
0.07235239	0.09166038
0.07896833	0.09391439
0.08476284	0.09767091
0.08970919	0.09691966
0.09380637	0.09616828
0.09705255	0.09090912
0.09944039	0.08715248
0.10098633	0.08414721
0.10178766	0.08414721
0.10208037	0.08715248
0.10226288	0.09241176
0.10285150	0.10518408
0.10435186	0.11419988
0.10706447	0.12021041
0.11089852	0.12622094
0.11530107	0.13223135
0.11937800	0.12847483
0.12219686	0.12697220
0.12315765	0.11945903
0.12226492	0.11344850
0.12015618	0.10743797
0.11786754	0.10368145
0.11645967	0.10368145
0.11667815	0.10818934
0.11876703	0.11194587
0.12245435	0.11945903
0.12706815	0.12772357
0.13172638	0.13072872
0.13555631	0.13298273
0.13789365	0.13298273
0.13841088	0.12847483
0.13712645	0.13223135
0.13428722	0.13899326
0.13017984	0.13899326
0.12497989	0.14049590
