0.00229441	0.00000000
0.00420045	0.01018679
0.04392754	0.03599322
0.05700797	0.05908322
0.07395245	0.07062817
0.08809523	0.08692694
0.09413283	0.09100175
0.09383474	0.08964348
0.09223001	0.08794570
0.09484322	0.10458410
0.10657395	0.11341262
0.12623234	0.12020373
0.14913578	0.13921905
0.17202641	0.17317486
0.19380029	0.18947363
0.21437947	0.21256363
0.23374908	0.24346352
0.25154927	0.25500846
0.26665202	0.25942278
0.27698609	0.27606118
0.28091106	0.27640069
0.27952877	0.27028859
0.27685151	0.27707982
0.27656135	0.27809846
0.27915433	0.28047538
0.28254473	0.28149402
0.28431073	0.28353143
0.28347713	0.27606118
0.28119594	0.27436328
0.27995318	0.27198637
0.28143379	0.28183365
0.28440794	0.28421056
0.28479925	0.28930390
0.27852505	0.28251278
0.26435509	0.25976229
0.24408236	0.23735142
0.22087185	0.21799660
0.19785146	0.19388795
0.17750724	0.17487264
0.16143292	0.16366720
0.15022059	0.15178263
0.14358458	0.14499152
0.14071128	0.14057720
0.14067090	0.13786077
0.14276738	0.14261460
0.14684305	0.14668930
0.15364754	0.14770794
0.16519065	0.16027164
0.18416746	0.18947363
0.21022409	0.21663833
0.23470038	0.23395586
0.24768642	0.24991512
0.25051793	0.25976229
0.24966198	0.24753821
0.24994317	0.24108660
0.25486216	0.25365031
0.26689026	0.26621389
0.28550568	0.28828526
0.30558506	0.30899835
0.32038337	0.32529712
0.32716694	0.32971132
0.32856986	0.33446515
0.32881334	0.33005095
0.33045435	0.33005095
0.33411482	0.32699490
0.33929056	0.33310699
0.34499457	0.34193552
0.35022166	0.34736848
0.35428295	0.35008490
0.35693291	0.36264861
0.35826507	0.36536503
0.35850823	0.36740243
0.35792485	0.36162984
0.35686740	0.36502552
0.35585445	0.35415959
0.35547096	0.35246181
0.35607985	0.34567058
0.35753092	0.35314095
0.35902834	0.35382009
0.35916695	0.35823429
0.35610190	0.35925293
0.34793222	0.34906626
0.33349350	0.32767403
0.31348169	0.30424452
0.29098862	0.28624785
0.27028447	0.26655352
0.25438985	0.25263155
0.24345826	0.24312389
0.23512854	0.23429537
0.22632205	0.21969438
0.21494304	0.20067906
0.20051216	0.18743634
0.18389684	0.17385399
0.16668186	0.16027164
0.15057650	0.14533103
0.13701496	0.13582349
0.12695006	0.12869275
0.12078170	0.12088287
0.11835256	0.11986423
0.11896802	0.11714768
0.12144490	0.11375213
0.12423415	0.11205435
0.12567019	0.11714768
0.12436590	0.11918509
0.11969499	0.12122238
0.11219684	0.11578953
0.10364316	0.10797966
0.09651358	0.09745336
0.09295247	0.08455014
0.09389242	0.08964348
0.09900029	0.10254669
0.10723324	0.11205435
0.11738831	0.12292016
0.12838614	0.13412559
0.13935567	0.13989818
0.14963867	0.14974535
0.15877937	0.16196942
0.16651864	0.17249572
0.17279011	0.18845499
0.17771076	0.18913412
0.18156552	0.18913412
0.18478413	0.18539894
0.18791223	0.17657042
0.19157518	0.17113757
0.19642960	0.18404078
0.20309658	0.20203733
0.21207212	0.22342956
0.22360875	0.25331068
0.23758093	0.27470291
0.25337780	0.28047538
0.26990873	0.27775896
0.28581241	0.28488970
0.29985809	0.29235995
0.31133777	0.30152798
0.32015809	0.31171477
0.32654104	0.32699490
0.33059070	0.33718169
0.33207157	0.33242786
0.33053467	0.33276737
0.32566562	0.33039045
0.31761757	0.32529712
0.30713409	0.31273341
0.29540977	0.30730057
0.28378710	0.28387094
0.27345800	0.27164686
0.26529458	0.25331068
0.25981119	0.24380302
0.25718397	0.24074697
0.25725356	0.24923599
0.25950933	0.26146007
0.26311442	0.27538204
0.26703396	0.28149402
0.27025872	0.28794563
0.27204451	0.29235995
0.27206671	0.28183365
0.27043551	0.27504241
0.26760134	0.26383698
0.26422906	0.25229204
0.26112837	0.24380302
0.25930563	0.24210525
0.26016113	0.25229204
0.26564965	0.27198637
0.27769437	0.28556871
0.29646021	0.30831921
0.31923142	0.34125638
0.34158030	0.35653651
0.36008108	0.37928689
0.37345129	0.39999998
0.38204804	0.40882850
0.38701221	0.39694393
0.38959175	0.38845503
0.39079517	0.37453306
0.39130220	0.37317491
0.39150065	0.37181664
0.39156523	0.38302207
0.39153486	0.39660442
0.39137444	0.40237689
0.39102069	0.40441430
0.39041033	0.40169775
0.38949820	0.39966047
0.38826445	0.39490664
0.38671523	0.38675725
0.38487870	0.37657046
0.38279632	0.37283528
0.38051459	0.36842108
0.37807444	0.35823429
0.37550333	0.35993207
0.37281081	0.36061120
0.36998698	0.36366725
0.36700803	0.36876059
0.36384955	0.37555182
0.36050710	0.36672330
0.35702667	0.35653651
0.35354325	0.34940577
0.35032836	0.33344650
0.34784058	0.33005095
0.34676933	0.34872663
0.34804884	0.36706281
0.35279629	0.38030565
0.36208346	0.39320886
0.37639800	0.39999998
0.39467171	0.40067911
0.41325313	0.40679121
0.42639193	0.41392195
0.42961779	0.42071307
0.42339405	0.42614603
0.41264635	0.42342949
0.40306932	0.41188455
0.39824787	0.40543294
0.39901710	0.40509343
0.40416306	0.41052628
0.41145751	0.42139220
0.41853684	0.43497455
0.42348433	0.43327677
0.42512900	0.42478776
0.42313418	0.41290319
0.41792512	0.39999998
0.41045716	0.38981318
0.40184760	0.38981318
0.39300179	0.39626491
0.38442358	0.39354837
0.37628746	0.38947368
0.36866659	0.37724960
0.36173996	0.36027169
0.35589913	0.34668934
0.35177675	0.34567058
0.35024184	0.34634972
0.35235432	0.35314095
0.35924372	0.36298811
0.37190118	0.37860787
0.39089403	0.40339553
0.41603410	0.43022072
0.44607684	0.47130728
0.47863141	0.51341259
0.51053333	0.54804754
0.53873736	0.57215619
0.56134099	0.59252965
0.57811499	0.59592533
0.59025902	0.60203731
0.59964889	0.61018682
0.60804516	0.60713077
