0.00192800	0.00000000
0.00803176	0.01169193
0.02274262	0.02063274
0.03677790	0.03438795
0.04032977	0.03645122
0.03961934	0.03782666
0.03837331	0.03541958
0.03889771	0.04229712
0.04136805	0.04401648
0.04376762	0.04057777
0.04377986	0.04195321
0.04004268	0.03954613
0.03268309	0.02888584
0.02344899	0.02200830
0.01549800	0.01994503
0.01261376	0.01685011
0.01760017	0.01444292
0.03073473	0.01478684
0.04970221	0.04298484
0.07081540	0.07496560
0.09059702	0.10350752
0.10711394	0.12276483
0.12056865	0.13480055
0.13292344	0.12414026
0.14687605	0.13755155
0.16485600	0.15337002
0.18843283	0.18878949
0.21771614	0.23280609
0.24976797	0.27028883
0.27746978	0.27613485
0.29332355	0.28576338
0.29675353	0.28954613
0.29518867	0.29745531
0.29577965	0.30330122
0.30045637	0.30398905
0.30824587	0.31430531
0.31807116	0.32049513
0.32973027	0.32909214
0.34381309	0.34697390
0.36110190	0.37070155
0.38183376	0.39683628
0.40522113	0.42400277
0.42945147	0.44188440
0.45211086	0.45220077
0.47081038	0.46973860
0.48377481	0.48314989
0.49023342	0.48521316
0.49055761	0.49552953
0.48614198	0.49828064
0.47906777	0.48865199
0.47164127	0.46595597
0.46594170	0.46733153
0.46347359	0.46045387
0.46495190	0.45735896
0.47022435	0.47558463
0.47836247	0.48418152
0.48793453	0.49002755
0.49739769	0.50618982
0.50547951	0.52303994
0.51141840	0.52063274
0.51499319	0.52338374
0.51635653	0.51685011
0.51575476	0.50859702
0.51326001	0.49931228
0.50864577	0.50068772
0.50148779	0.50962865
0.49147865	0.50137556
0.47882184	0.48383772
0.46445388	0.47248971
0.44986346	0.45116913
0.43654901	0.42056394
0.42544270	0.41334248
0.41666993	0.40646493
0.40971473	0.39786792
0.40375742	0.39580464
0.39799908	0.40405774
0.39196286	0.41231084
0.38571909	0.39236593
0.37986740	0.37998629
0.37518671	0.37414026
0.37215391	0.37138927
0.37068418	0.35797799
0.37023962	0.37104535
0.37013593	0.37379646
0.36978704	0.36210454
0.36876443	0.35110044
0.36669883	0.35419536
0.36312786	0.35591471
0.35745570	0.35316372
0.34923673	0.36244845
0.33879399	0.35729027
0.32745349	0.33665752
0.31656411	0.31258595
0.30628681	0.29711139
0.29572716	0.27647865
0.28402367	0.26547456
0.27127019	0.25962865
0.25878218	0.25756538
0.24875592	0.25790918
0.24352632	0.24965608
0.24475490	0.24828064
0.25291309	0.25343883
0.26725963	0.27441537
0.28623560	0.29504812
0.30799225	0.32393396
0.33076194	0.35350752
0.35298416	0.36966991
0.37329185	0.37242091
0.39049679	0.38617611
0.40363207	0.40061903
0.41203684	0.40027511
0.41541928	0.41712523
0.41383514	0.42881703
0.40758163	0.42675376
0.39707148	0.41299868
0.38276243	0.39339757
0.36517075	0.36898208
0.34494355	0.33321869
0.32292160	0.29711139
0.30012152	0.27063274
0.27759463	0.25000000
0.25620839	0.23693264
0.23646739	0.23039889
0.21848553	0.21664369
0.20212059	0.20495188
0.18718499	0.19119668
0.17360745	0.16540575
0.16145973	0.15061903
0.15085281	0.14305365
0.14182317	0.13480055
0.13432699	0.12620354
0.12828703	0.12654746
0.12354113	0.12104535
0.11969811	0.11382389
0.11608662	0.11107290
0.11190425	0.11072898
0.10646793	0.10213208
0.09938785	0.09422278
0.09061582	0.08356261
0.08042991	0.07496560
0.06938368	0.06843185
0.05820931	0.06017888
0.04768282	0.04745531
0.03849067	0.03954613
0.03112886	0.03198075
0.02585085	0.03851449
0.02266167	0.04642367
0.02134924	0.05502069
0.02154002	0.05674005
0.02276848	0.05192578
0.02454961	0.02922976
0.02644381	0.01306736
0.02810526	0.01031637
0.02930971	0.01203573
0.02995929	0.01925719
0.03006916	0.03370011
0.02974309	0.03610730
0.02914334	0.03473175
0.02845971	0.03576338
0.02788355	0.03266847
0.02758478	0.03163683
0.02769725	0.03645122
0.02830909	0.04023385
0.02946283	0.04676759
0.03116173	0.05055022
0.03338380	0.04779923
0.03609732	0.04367268
0.03927942	0.04436040
0.04292881	0.04332876
0.04706937	0.04332876
0.05173934	0.04779923
0.05695831	0.05983496
0.06266785	0.06327367
0.06865244	0.06705642
0.07447135	0.07530951
0.07947002	0.08218706
0.08293788	0.08115542
0.08438157	0.08528197
0.08373632	0.08528197
0.08137880	0.08115542
0.07801549	0.08149934
0.07449655	0.08149934
0.07144757	0.07840443
0.06889690	0.07427788
0.06634308	0.07015133
0.06318758	0.06361759
0.05907489	0.05777168
0.05395491	0.05433285
0.04798251	0.05192578
0.04140402	0.04814303
0.03449118	0.04195321
0.02752412	0.03370011
0.02079574	0.02303994
0.01461850	0.01581848
0.00931812	0.00825310
0.00521077	0.00653374
0.00256428	0.00687754
0.00155995	0.00722146
0.00225978	0.00378263
0.00459621	0.00206327
0.00839112	-0.00275105
0.01340526	-0.00034386
0.01940882	0.00618982
0.02625907	0.01650620
0.03395273	0.03438795
0.04262939	0.04883087
0.05249795	0.06464922
0.06367949	0.07634115
0.07598476	0.08803296
0.08867930	0.09250343
0.10035823	0.09869325
0.10910754	0.10006881
0.11306737	0.10419536
0.11128306	0.10557079
0.10441552	0.10144424
0.09482643	0.09834933
0.08586679	0.09181571
0.08069555	0.08562589
0.08126032	0.09319115
0.08793060	0.10694635
0.09974940	0.12379646
0.11477666	0.13961482
0.13019302	0.15508938
0.14266723	0.15852821
0.14951937	0.15749657
0.15000550	0.15165067
0.14554860	0.14786792
0.13880180	0.14099038
0.13236918	0.13342500
0.12792438	0.13033009
0.12599210	0.13239336
0.12625183	0.13342500
0.12800898	0.13651991
0.13054928	0.14167809
0.13329592	0.14889956
0.13582303	0.14718020
0.13781863	0.14305365
0.13904898	0.13617611
0.13934974	0.12723517
0.13863356	0.12001371
0.13690545	0.12242091
