0.00162520	0.00000000
-0.01105971	-0.01002109
-0.01987426	-0.02056962
-0.02086867	-0.02478904
-0.02565954	-0.02531648
-0.02166073	-0.02373415
-0.02411525	-0.02478904
-0.03296958	-0.03533757
-0.04488359	-0.04535866
-0.05652289	-0.05801690
-0.06567259	-0.07331222
-0.07089801	-0.07858652
-0.07150288	-0.07436711
-0.06773476	-0.06540084
-0.06088267	-0.05854428
-0.05302675	-0.05643457
-0.04650934	-0.05590719
-0.04335971	-0.05274260
-0.04483791	-0.05116034
-0.05116527	-0.05379748
-0.06147867	-0.06118143
-0.07399088	-0.06856543
-0.08625062	-0.08069623
-0.09539431	-0.09388185
-0.09843345	-0.09915614
-0.09284371	-0.08913505
-0.07764161	-0.07489449
-0.05433077	-0.05801690
-0.02648958	-0.02426159
0.00187378	0.00580168
0.02756226	0.02848101
0.04829615	0.05063295
0.06253377	0.07067513
0.06981494	0.07225740
0.07107306	0.07120252
0.06806952	0.06487346
0.06239195	0.05590713
0.05491354	0.04430377
0.04584319	0.03691983
0.03506283	0.03428268
0.02257309	0.02742612
0.00906210	0.01160336
-0.00342776	0.00158226
-0.01124982	-0.00896627
-0.01048152	-0.01054853
-0.00006776	0.00580168
0.01599659	0.02426159
0.03076375	0.03850210
0.03892122	0.04535866
0.03891817	0.04219413
0.03229689	0.02531648
0.02223664	0.01740503
0.01213675	0.00896621
0.00459427	0.00105488
0.00096680	-0.00369197
0.00144777	0.00369203
0.00541344	0.00369203
0.01182316	0.00896621
0.01956662	0.02215195
0.02774161	0.03217304
0.03586646	0.03797472
0.04394006	0.05327010
0.05221926	0.06012654
0.06222063	0.06698310
0.07935978	0.08808017
0.10603929	0.12394512
0.13622771	0.14504218
0.16452029	0.17721522
0.18815157	0.19989455
0.20563799	0.21571732
0.21689235	0.21413505
0.22243237	0.22310126
0.22270337	0.22362864
0.21802193	0.22468352
0.20884694	0.21782696
0.19601840	0.20516872
0.18076216	0.17616034
0.16445684	0.15506327
0.14833677	0.14398730
0.13330874	0.12869203
0.11990020	0.11656117
0.10822827	0.11023211
0.09797740	0.10073841
0.08852703	0.07964134
0.07925402	0.06434596
0.06977734	0.05432487
0.05996872	0.05221522
0.04983552	0.04588604
0.03943066	0.04430377
0.02882613	0.03691983
0.01811468	0.02689874
0.00742023	0.01265824
-0.00309408	-0.00685656
-0.01322529	-0.02004218
-0.02273963	-0.02953589
-0.03139861	-0.04061180
-0.03899435	-0.05168778
-0.04538678	-0.05168778
-0.05052891	-0.05432487
-0.05447497	-0.05854428
-0.05737833	-0.05907172
-0.05948491	-0.05485231
-0.06112662	-0.05696201
-0.06270899	-0.05959916
-0.06469110	-0.06276369
-0.06755532	-0.06751055
-0.07175027	-0.07911390
-0.07755152	-0.08649790
-0.08476347	-0.09388185
-0.09236488	-0.09704643
-0.09877982	-0.10126585
-0.10325148	-0.09862870
-0.10653087	-0.09915614
-0.10965990	-0.10232067
-0.11316493	-0.11075950
-0.11726134	-0.11603373
-0.12198976	-0.12341774
-0.12719604	-0.12921941
-0.13255300	-0.13713080
-0.13765803	-0.14398736
-0.14213240	-0.14873415
-0.14566077	-0.14398736
-0.14799014	-0.14609706
-0.14894086	-0.14715189
-0.14846198	-0.14504218
-0.14673318	-0.14135021
-0.14429870	-0.14873415
-0.14213611	-0.14926159
-0.14141151	-0.14293247
-0.14280945	-0.14240509
-0.14599955	-0.14926159
-0.14991350	-0.15189874
-0.15347579	-0.15400845
-0.15609235	-0.16086495
-0.15794879	-0.16402954
-0.16014811	-0.16930377
-0.16412020	-0.17405063
-0.17115068	-0.18301690
-0.18308163	-0.19303799
-0.20191433	-0.21044302
-0.22701617	-0.23154008
-0.25393689	-0.25738394
-0.27856839	-0.28586495
-0.29961827	-0.31329113
-0.31663737	-0.33122361
-0.32929397	-0.34018987
-0.33767706	-0.34599155
-0.34242311	-0.34493673
-0.34456900	-0.33860761
-0.34524673	-0.33544302
-0.34539151	-0.33649790
-0.34557185	-0.33808017
-0.34597850	-0.33491564
-0.34652355	-0.33808017
-0.34697214	-0.33808017
-0.34704104	-0.33808017
-0.34644702	-0.34124470
-0.34492028	-0.34757382
-0.34221935	-0.35021096
-0.33817133	-0.35232067
-0.33273336	-0.34599155
-0.32602224	-0.33438820
-0.31826577	-0.31381857
-0.30971119	-0.29746836
-0.30059823	-0.27953589
-0.29122445	-0.27267933
-0.28200626	-0.26424050
-0.27345687	-0.26635021
-0.26609418	-0.26318568
-0.26034051	-0.26054853
-0.25645116	-0.25843883
-0.25448373	-0.25949365
-0.25430009	-0.26054853
-0.25559267	-0.26318568
-0.25792703	-0.26951474
-0.26078701	-0.26740509
-0.26362434	-0.26687765
-0.26590386	-0.26740509
-0.26715282	-0.26160336
-0.26700571	-0.25843883
-0.26524258	-0.25527424
-0.26180822	-0.25000000
-0.25680840	-0.24314344
-0.25048533	-0.24208862
-0.24318157	-0.23206753
-0.23530029	-0.23048526
-0.22726668	-0.22468352
-0.21949138	-0.21624470
-0.21233766	-0.21202534
-0.20609365	-0.20727849
-0.20095156	-0.19883966
-0.19698979	-0.19251055
-0.19415830	-0.19198310
-0.19225372	-0.18354428
-0.19086711	-0.17932487
-0.18927698	-0.17352319
-0.18627711	-0.17194092
-0.18007354	-0.16930377
-0.16862829	-0.16613925
-0.15051529	-0.13924050
-0.12543459	-0.10390294
-0.09410113	-0.06276369
-0.05820926	-0.02004218
-0.02066323	0.02320671
0.01421347	0.04799581
0.04121661	0.06118143
0.05604376	0.05643463
0.05723819	0.04799581
0.04673754	0.03428268
0.02888492	0.00738394
0.00877711	-0.00896627
-0.00925390	-0.01740509
-0.02253617	-0.02373415
-0.03018495	-0.03217298
-0.03267246	-0.03006327
-0.03121890	-0.03481013
-0.02726851	-0.03164560
-0.02214467	-0.03322786
-0.01686877	-0.02848101
-0.01210183	-0.02056962
-0.00817101	-0.01582277
-0.00514999	-0.00949365
-0.00295375	0.00474679
-0.00141721	0.01002109
-0.00033372	0.00421941
0.00054057	0.00369203
0.00149393	-0.00316453
0.00283970	-0.00474685
0.00485733	-0.00210971
0.00770989	0.00685656
0.01138335	0.01424050
0.01568169	0.02109706
0.02028419	0.02267933
0.02483931	0.02795362
0.02905362	0.03375530
0.03274602	0.04008436
0.03585549	0.04430377
0.03841000	0.04852319
0.04047758	0.04694092
0.04212255	0.04166663
0.04337825	0.04008436
