0.00089169	0.00000000
0.00142816	0.00087845
0.00769367	0.00819910
0.01872762	0.01756954
0.03147994	0.02518296
0.03319155	0.02898979
0.02825953	0.03045392
0.02347852	0.02840412
0.02311586	0.02371883
0.02761163	0.02284038
0.03594100	0.02576864
0.04704878	0.03953147
0.05966209	0.05651534
0.07224478	0.07877016
0.08369297	0.09341145
0.09354545	0.10278189
0.10118763	0.10248899
0.10549182	0.10190332
0.10548311	0.09751093
0.10101171	0.09428990
0.09312543	0.08901906
0.08440101	0.08638358
0.07848670	0.08374822
0.07815028	0.08169842
0.08369638	0.08316255
0.09342460	0.09487557
0.10498740	0.10395312
0.11633839	0.11390924
0.12609282	0.12708640
0.13353512	0.13792098
0.13846503	0.13733530
0.14099507	0.14289892
0.14137129	0.14846265
0.13985823	0.14612007
0.13669997	0.13587117
0.13214906	0.13352859
0.12653407	0.12650073
0.12031741	0.11390924
0.11408121	0.10658860
0.10841120	0.10629570
0.10372334	0.09809661
0.10014222	0.08726203
0.09750396	0.08374822
0.09546095	0.08081996
0.09360802	0.08111274
0.09156676	0.09019029
0.08901639	0.09956074
0.08568931	0.10190332
0.08136676	0.09751093
0.07590457	0.09224010
0.06929587	0.07496345
0.06175181	0.06383598
0.05375117	0.05300152
0.04601453	0.04040992
0.03938762	0.02986825
0.03466751	0.03016102
0.03244068	0.02635431
0.03299156	0.02781844
0.03629108	0.03982425
0.04203887	0.04655933
0.04972646	0.05183017
0.05870688	0.06588578
0.06826948	0.07467055
0.07771450	0.08052707
0.08642073	0.09487557
0.09388882	0.10805273
0.09975614	0.10717428
0.10378403	0.11068809
0.10583761	0.10717428
0.10587626	0.10278189
0.10396719	0.09809661
0.10031487	0.09809661
0.09527624	0.09370422
0.08932631	0.08989751
0.08295889	0.08140552
0.07654580	0.07379210
0.07021043	0.06325042
0.06377001	0.05680823
0.05678597	0.05622256
0.04872431	0.05007327
0.03917798	0.03923869
0.02805679	0.02781844
0.01565629	0.01405561
0.00258058	-0.01112735
-0.01044392	-0.02811128
-0.02279275	-0.03748173
-0.03412687	-0.04480237
-0.04447848	-0.05183017
-0.05422811	-0.04978037
-0.06400805	-0.05212301
-0.07451472	-0.05885798
-0.08606398	-0.07408494
-0.09799933	-0.09106880
-0.10913670	-0.11010247
-0.11913577	-0.12357247
-0.12805463	-0.13997072
-0.13543186	-0.14729136
-0.14077230	-0.14904833
-0.14392786	-0.14612007
-0.14501543	-0.14729136
-0.14429346	-0.14407027
-0.14209770	-0.13557833
-0.13880607	-0.13235724
-0.13482721	-0.12884337
-0.13060027	-0.12532943
-0.12655118	-0.12327963
-0.12300014	-0.12386531
-0.12009633	-0.12122989
-0.11784846	-0.12064421
-0.11621577	-0.11654466
-0.11519130	-0.11215228
-0.11483578	-0.11273789
-0.11526117	-0.11508054
-0.11658138	-0.11625183
-0.11885773	-0.12240118
-0.12205715	-0.12679356
-0.12603717	-0.13382137
-0.13056080	-0.13762814
-0.13533416	-0.14172769
-0.14005853	-0.14553440
-0.14448102	-0.15109807
-0.14843403	-0.14787704
-0.15185674	-0.14963394
-0.15479524	-0.15607613
-0.15738262	-0.16076136
-0.15980254	-0.16515374
-0.16225217	-0.16954613
-0.16492765	-0.17247438
-0.16804020	-0.17423135
-0.17184658	-0.18213761
-0.17666794	-0.19092238
-0.18288429	-0.20029283
-0.19089898	-0.20790631
-0.20106924	-0.21405566
-0.21360885	-0.21698391
-0.22847812	-0.22518301
-0.24530070	-0.24275255
-0.26335487	-0.26852125
-0.28165734	-0.28696924
-0.29908204	-0.30043924
-0.31442609	-0.31156659
-0.32643446	-0.31478769
-0.33391541	-0.32327962
-0.33599538	-0.34319180
-0.33234760	-0.36720353
-0.32324040	-0.35285503
-0.30948260	-0.33733529
-0.29241303	-0.29399705
-0.27383888	-0.24363106
-0.25573382	-0.20087850
-0.23978294	-0.19502199
-0.22708020	-0.19267935
-0.21812716	-0.19648612
-0.21301578	-0.20644218
-0.21159880	-0.21171302
-0.21349920	-0.21288431
-0.21792953	-0.22108346
-0.22352771	-0.23426062
-0.22856697	-0.24304539
-0.23155627	-0.24568081
-0.23171140	-0.24480236
-0.22894908	-0.23016107
-0.22366355	-0.21639824
-0.21662320	-0.20146412
-0.20894821	-0.19004393
-0.20187616	-0.18770134
-0.19627361	-0.19033676
-0.19230329	-0.19531476
-0.18957952	-0.19648612
-0.18758261	-0.19707173
-0.18593918	-0.19326502
-0.18446717	-0.19033676
-0.18310608	-0.18682283
-0.18184583	-0.18916547
-0.18068662	-0.19209373
-0.17962325	-0.18711567
-0.17864357	-0.18682283
-0.17773186	-0.18770134
-0.17687738	-0.17452413
-0.17608026	-0.15900439
-0.17535889	-0.15724742
-0.17475264	-0.15607613
-0.17431830	-0.15754026
-0.17412311	-0.17159587
-0.17422952	-0.18330896
-0.17467633	-0.19531476
-0.17546175	-0.19736457
-0.17653102	-0.19414347
-0.17777340	-0.18975109
-0.17902528	-0.18594438
-0.18006767	-0.17862374
-0.18059246	-0.17218155
-0.18012582	-0.17042458
-0.17797326	-0.16339678
-0.17346187	-0.15959007
-0.16659974	-0.15431917
-0.15814622	-0.15109807
-0.14870057	-0.14729136
-0.13880078	-0.14934117
-0.12933573	-0.13704246
-0.12099899	-0.12357247
-0.11391345	-0.11244512
-0.10784748	-0.10073209
-0.10262047	-0.08726209
-0.09834586	-0.08638358
-0.09543629	-0.09048319
-0.09446685	-0.09253293
-0.09600545	-0.09809661
-0.10046762	-0.10863835
-0.10800049	-0.12152267
-0.11838807	-0.12884337
-0.13100614	-0.13938504
-0.14491031	-0.14816982
-0.15904310	-0.15959007
-0.17236619	-0.17306000
-0.18370907	-0.18799412
-0.19143902	-0.19238651
-0.19342929	-0.18975109
-0.18770261	-0.18096632
-0.17341037	-0.16866761
-0.15153010	-0.12005854
-0.12542666	-0.09194732
-0.10131025	-0.07994145
-0.08688828	-0.07964861
-0.08720116	-0.07642752
-0.10114960	-0.11508054
-0.12232007	-0.14494878
-0.14258732	-0.15959007
-0.15548939	-0.15578330
-0.15806973	-0.15431917
-0.15085857	-0.13645679
-0.13636163	-0.11420202
-0.11734827	-0.09663248
-0.09636129	-0.08111274
-0.07641935	-0.06178623
-0.06193307	-0.05387992
-0.05659579	-0.05358714
-0.05935481	-0.05973643
-0.06643873	-0.07027817
-0.07492660	-0.08404100
-0.08332182	-0.09546119
