0.00105684	0.00000000
-0.00820876	-0.00622147
0.00052546	-0.00622147
-0.00170751	-0.00165904
0.01167570	0.00912488
0.02595063	0.02530074
0.03426565	0.03318131
0.03577535	0.03401077
0.03517596	0.03857327
0.03602265	0.03484035
0.04030104	0.03152215
0.04901586	0.04396510
0.06237622	0.06345916
0.07956989	0.08253837
0.09843163	0.10369146
0.11548610	0.12194109
0.12691723	0.12277067
0.13026311	0.12194109
0.12542400	0.12069678
0.11430325	0.11323106
0.09988524	0.09912896
0.08540909	0.08710074
0.07370095	0.08046448
0.06670876	0.06594777
0.06536074	0.05723763
0.06973653	0.06470346
0.07937905	0.08004975
0.09356238	0.09207797
0.11139472	0.11654913
0.13170382	0.14019084
0.15278725	0.15595186
0.17232914	0.17254257
0.18782099	0.19079220
0.19747733	0.19825804
0.20117162	0.19991708
0.20067663	0.20282042
0.19872890	0.20282042
0.19745807	0.19452512
0.19752818	0.18664455
0.19850090	0.18954790
0.19954877	0.19618416
0.19989066	0.19576943
0.19988273	0.20074654
0.20275879	0.20821238
0.21387599	0.21733725
0.23632745	0.23931980
0.26727647	0.27167153
0.29914913	0.30526757
0.32435194	0.32766485
0.33952191	0.34923267
0.34646741	0.34384072
0.34963927	0.34674406
0.35284898	0.34964740
0.35760877	0.35918701
0.36318323	0.36872661
0.36771563	0.37660718
0.36970556	0.36499381
0.36867687	0.35296559
0.36486727	0.34467030
0.35881588	0.33181250
0.35123384	0.32807958
0.34298664	0.33844876
0.33505479	0.34715891
0.32845306	0.34757364
0.32410076	0.34798837
0.32260105	0.35089171
0.32390609	0.34342599
0.32698822	0.33181250
0.32991266	0.32683539
0.33078241	0.32102859
0.32922485	0.31480718
0.32667479	0.31688094
0.32509866	0.32144344
0.32647255	0.32642055
0.33203024	0.32932389
0.34101179	0.33927834
0.35109210	0.35255086
0.35970837	0.36955619
0.36500248	0.38158441
0.36609569	0.38614678
0.36293831	0.38324344
0.35603881	0.35586894
0.34621021	0.33927834
0.33434483	0.31936955
0.32120872	0.31812525
0.30730888	0.30111992
0.29291674	0.29282451
0.27826357	0.27042723
0.26377842	0.26047277
0.25016680	0.23849022
0.23823659	0.23309827
0.22859682	0.22604728
0.22144960	0.22272921
0.21659805	0.21484864
0.21361499	0.21028614
0.21203302	0.20945668
0.21147354	0.21236002
0.21171086	0.21899629
0.21270688	0.22729158
0.21463476	0.23019493
0.21786876	0.22812116
0.22287349	0.22936547
0.22991221	0.22770631
0.23860122	0.22770631
0.24761893	0.23931980
0.25505367	0.24595606
0.25938696	0.24927413
0.26033777	0.25176275
0.25890088	0.24927413
0.25668618	0.25051844
0.25510594	0.25756943
0.25486299	0.25922859
0.25586343	0.26213193
0.25741383	0.26337624
0.25851861	0.25425136
0.25815967	0.24720037
0.25551301	0.24844468
0.25008643	0.25176275
0.24177499	0.24802983
0.23083816	0.24180841
0.21781625	0.22729158
0.20341603	0.21567810
0.18839650	0.19493985
0.17347847	0.17544591
0.15929057	0.15761089
0.14635082	0.14350891
0.13509513	0.13231027
0.12597875	0.12401497
0.11967348	0.12691832
0.11720403	0.12816262
0.11952831	0.12816262
0.12641267	0.12816262
0.13580331	0.13396931
0.14462526	0.13728738
0.15008889	0.14019084
0.15048714	0.14558280
0.14534648	0.14267933
0.13521127	0.12691832
0.12144305	0.11074245
0.10588826	0.09290755
0.08986200	0.08004975
0.07349126	0.06802154
0.05653800	0.05226052
0.03941061	0.03110743
0.02320208	0.00871003
0.00898247	-0.01451677
-0.00291236	-0.03857321
-0.01312949	-0.04728329
-0.02310355	-0.05474907
-0.03450732	-0.05889672
-0.04834093	-0.07175446
-0.06385650	-0.07673162
-0.07824598	-0.08170885
-0.08829845	-0.08419740
-0.09279920	-0.08046454
-0.09264937	-0.07258397
-0.08916572	-0.07341355
-0.08312972	-0.07299876
-0.07493828	-0.07175446
-0.06495631	-0.06677729
-0.05365320	-0.06262964
-0.04156306	-0.04852760
-0.02919003	-0.02820408
-0.01693156	-0.00165904
-0.00505377	0.00746584
0.00628245	0.01576114
0.01696213	0.02903354
0.02685867	0.02737451
0.03581528	0.02986312
0.04368642	0.04147661
0.05042437	0.05474901
0.05614938	0.05848193
0.06113668	0.06387389
0.06570356	0.06677723
0.07004967	0.07092488
0.07413198	0.07963502
0.07763617	0.08129406
0.08005410	0.08834505
0.08084559	0.08875990
0.07961826	0.08917463
0.07625440	0.08046448
0.07093351	0.07299876
0.06405640	0.06055582
0.05612443	0.04230607
0.04763572	0.02903354
0.03902562	0.01907921
0.03064464	0.01534629
0.02275528	0.01534629
0.01553132	0.01990879
0.00906255	0.01990879
0.00336573	0.01866448
-0.00159490	0.01742017
-0.00587728	0.01327252
-0.00953251	0.00705099
-0.01257911	-0.00082952
-0.01499077	-0.01078391
-0.01669504	-0.01659065
-0.01758565	-0.02695978
-0.01754145	-0.03069264
-0.01644675	-0.02861881
-0.01421042	-0.02488595
-0.01077895	-0.02613026
-0.00614501	-0.01742017
-0.00035254	-0.01202822
0.00649996	0.00207388
0.01426353	0.01866448
0.02274873	0.03401077
0.03174533	0.04562426
0.04104488	0.06180012
0.05045889	0.06885111
0.05982697	0.07963502
0.06901772	0.09207797
0.07792376	0.10327661
0.08645871	0.10659480
0.09455206	0.10410619
0.10214762	0.09829950
0.10921173	0.09622562
0.11575176	0.09788465
0.12183782	0.10078800
0.12760536	0.11820817
0.13323323	0.13438404
0.13891047	0.14848614
0.14481716	0.15885520
0.15111522	0.17005396
0.15793474	0.16590631
0.16533615	0.16922438
0.17328115	0.17005396
0.18166651	0.17461634
0.19037615	0.18000829
0.19912739	0.19369555
0.20700003	0.19867277
0.21217747	0.19950223
0.21286102	0.20323515
0.20901601	0.20323515
0.20259875	0.19991708
0.19554700	0.19618416
0.18839025	0.19618416
0.18109109	0.18415594
0.17427292	0.17627537
0.16932377	0.16839480
0.16770853	0.17005396
