0.00075263	0.00000000
0.00111787	0.00083983
0.00457944	0.00448334
0.00961976	0.00560308
0.01065575	0.00700426
0.00654625	0.00672436
0.00163840	0.00168109
-0.00180308	-0.00056136
-0.00341709	-0.00476331
-0.00382651	-0.00868678
-0.00377779	-0.00952655
-0.00367942	-0.00672430
-0.00354446	-0.00700569
-0.00316776	-0.00476331
-0.00235563	0.00000000
-0.00107138	0.00055981
0.00055269	-0.00140113
0.00227630	0.00140119
0.00380910	0.00055981
0.00487665	-0.00336218
0.00537516	-0.00112122
0.00561837	0.00448334
0.00647890	0.00588441
0.00914297	0.00980651
0.01447220	0.01877320
0.02239435	0.02493620
0.03179081	0.03054070
0.04093134	0.04034722
0.04812774	0.04763281
0.05224690	0.05211461
0.05294675	0.05435705
0.05068925	0.05267596
0.04660372	0.04791272
0.04221089	0.04286945
0.03901030	0.03614378
0.03802495	0.03782487
0.03948064	0.04286945
0.04273760	0.04735136
0.04650599	0.05015361
0.04938027	0.05211461
0.05052054	0.04959381
0.04996687	0.04735136
0.04832375	0.04539037
0.04612964	0.04819262
0.04331852	0.04623020
0.03911977	0.04511046
0.03272299	0.03922594
0.02431014	0.03166187
0.01524170	0.01541102
0.00688493	0.00700426
-0.00051261	-0.01008791
-0.00742172	-0.02213532
-0.01415288	-0.02577740
-0.02087827	-0.02633876
-0.02743402	-0.03026074
-0.03286773	-0.02745849
-0.03618774	-0.02829975
-0.03711936	-0.03390288
-0.03591666	-0.03670514
-0.03299733	-0.03530401
-0.02883491	-0.03166187
-0.02397238	-0.02745849
-0.01902085	-0.02073419
-0.01461983	-0.01428986
-0.01134823	-0.00756556
-0.00959642	-0.00280225
-0.00946969	-0.00056136
-0.01079464	-0.00140113
-0.01322199	-0.00560457
-0.01635679	-0.01148903
-0.01985910	-0.01905310
-0.02349642	-0.02297658
-0.02715185	-0.03026074
-0.03080228	-0.03362292
-0.03448556	-0.03950739
-0.03826679	-0.04398930
-0.04221232	-0.05183476
-0.04637583	-0.05715936
-0.05079336	-0.06360376
-0.05549146	-0.06556475
-0.06050260	-0.06780565
-0.06588911	-0.06584466
-0.07176515	-0.06556475
-0.07829835	-0.07481134
-0.08565386	-0.08349663
-0.09384425	-0.09078223
-0.10252368	-0.10114866
-0.11092971	-0.11431724
-0.11819300	-0.11964184
-0.12383454	-0.12524492
-0.12795083	-0.13028961
-0.13097532	-0.13253057
-0.13332890	-0.13028961
-0.13521145	-0.12356389
-0.13659298	-0.11936188
-0.13733760	-0.11964184
-0.13734354	-0.12580627
-0.13662095	-0.13112944
-0.13529502	-0.13813508
-0.13356236	-0.14289844
-0.13163589	-0.14597911
-0.12969932	-0.14205712
-0.12788290	-0.13813508
-0.12625830	-0.13281053
-0.12484698	-0.12748736
-0.12363575	-0.11711949
-0.12259142	-0.10955542
-0.12167363	-0.10339105
-0.12084328	-0.09974891
-0.12006705	-0.09946758
-0.11931896	-0.10282969
-0.11858107	-0.10815430
-0.11784223	-0.11151648
-0.11709718	-0.11627972
-0.11634536	-0.12076300
-0.11558881	-0.12496501
-0.11483093	-0.12972832
-0.11407424	-0.13449156
-0.11331933	-0.13477296
-0.11256372	-0.13505292
-0.11180237	-0.13757378
-0.11102878	-0.13477153
-0.11023857	-0.13925487
-0.10943314	-0.15186363
-0.10862319	-0.16335118
-0.10783374	-0.17063683
-0.10710566	-0.17904216
-0.10649841	-0.18296415
-0.10609028	-0.13168931
-0.10597822	-0.10142857
-0.10627650	-0.07313031
-0.10711530	-0.05295599
-0.10863881	-0.02633876
-0.11100298	-0.05043507
-0.11437240	-0.05239606
-0.11891596	-0.05884039
-0.12480102	-0.06808704
-0.13218468	-0.09246337
-0.14120243	-0.11179638
-0.15195203	-0.13449156
-0.16447382	-0.15830803
-0.17872472	-0.17567998
-0.19454511	-0.21014273
-0.21161100	-0.24768913
-0.22936574	-0.27977091
-0.24692582	-0.30022365
-0.26298213	-0.31675589
-0.27577040	-0.30610812
-0.28324905	-0.29265958
-0.28364232	-0.28019077
-0.27634352	-0.27542752
-0.26268828	-0.26281869
-0.24563046	-0.24488682
-0.22819816	-0.22527379
-0.21219225	-0.20706052
-0.19815181	-0.18856877
-0.18602289	-0.17848086
-0.17567649	-0.17175657
-0.16708337	-0.16727322
-0.16027474	-0.16335118
-0.15522332	-0.15662688
-0.15174040	-0.14850146
-0.14946589	-0.14373821
-0.14796561	-0.14065599
-0.14689484	-0.14065599
-0.14612506	-0.14317685
-0.14574137	-0.14738023
-0.14588334	-0.15270340
-0.14650820	-0.15578562
-0.14726315	-0.15494579
-0.14764813	-0.15186363
-0.14741223	-0.14878142
-0.14680809	-0.14485937
-0.14643757	-0.14317834
-0.14686026	-0.14345825
-0.14832970	-0.14485937
-0.15088472	-0.15130377
-0.15464936	-0.15662688
-0.15963468	-0.16251141
-0.16516118	-0.16895568
-0.17016606	-0.16923571
-0.17392410	-0.16755456
-0.17624080	-0.17035544
-0.17728545	-0.16979557
-0.17737807	-0.16811448
-0.17684327	-0.17876226
-0.17594181	-0.18716764
-0.17485158	-0.18576640
-0.17366897	-0.18436527
-0.17241476	-0.18016338
-0.17103754	-0.17119670
-0.16941608	-0.16139019
-0.16737017	-0.15634698
-0.16469108	-0.15438449
-0.16119742	-0.15158373
-0.15680277	-0.14738023
-0.15156199	-0.14401811
-0.14566883	-0.13813370
-0.13939603	-0.13309044
-0.13301860	-0.13337183
-0.12675229	-0.13197070
-0.12073410	-0.12832862
-0.11503933	-0.12188423
-0.10971275	-0.11291760
-0.10478891	-0.10170990
-0.10028356	-0.09162349
-0.09618104	-0.08377808
-0.09243618	-0.08097571
-0.08900206	-0.07929468
-0.08586501	-0.07873333
-0.08306818	-0.07593256
-0.08070732	-0.07200909
-0.07889445	-0.07200909
-0.07769309	-0.07397008
-0.07704823	-0.07985455
-0.07674929	-0.08685875
-0.07646420	-0.08770001
-0.07585815	-0.08293676
-0.07476424	-0.07901335
-0.07333552	-0.06780565
-0.07209970	-0.06164271
-0.07185598	-0.06052148
-0.07341621	-0.06248254
-0.07726987	-0.06948817
-0.08332857	-0.08489776
-0.09090996	-0.09806639
-0.09899288	-0.10899413
-0.10659449	-0.12132299
-0.11305189	-0.12776726
-0.11809014	-0.12692750
-0.12172334	-0.12692750
-0.12410660	-0.12776726
-0.12543322	-0.12552637
-0.12589227	-0.12384528
-0.12565307	-0.12328392
-0.12484100	-0.12160289
-0.12350155	-0.12104303
-0.12157334	-0.12188280
-0.11888520	-0.11655962
-0.11518310	-0.11129713
-0.11018851	-0.10343868
