0.00119224	0.00000000
0.00529103	-0.00046510
0.00169267	0.00511861
0.00567191	0.00186062
0.00149699	-0.00279278
-0.00871958	-0.00837648
-0.02258675	-0.01954490
-0.03704165	-0.03908890
-0.05025704	-0.05351335
-0.06094502	-0.06561202
-0.06782715	-0.07259214
-0.06976162	-0.07445371
-0.06608267	-0.06282014
-0.05690850	-0.05584103
-0.04357125	-0.04374236
-0.02892019	-0.03397036
-0.01655246	-0.02001005
-0.00878365	-0.00977290
-0.00535680	-0.00418824
-0.00430922	-0.00139540
-0.00374012	0.00279284
-0.00286440	0.00325799
-0.00195451	-0.00279081
-0.00173254	-0.00511754
-0.00280653	-0.00884068
-0.00538979	-0.01395929
-0.00929551	-0.01721627
-0.01409618	-0.01488954
-0.01930688	-0.01349413
-0.02449791	-0.01582086
-0.02932538	-0.01814753
-0.03351988	-0.02559286
-0.03687751	-0.03536481
-0.03926745	-0.04560190
-0.04064570	-0.04839379
-0.04106171	-0.04792863
-0.04065590	-0.04234493
-0.03964791	-0.03629607
-0.03831500	-0.03210777
-0.03696059	-0.03071237
-0.03587691	-0.03303909
-0.03531241	-0.03396934
-0.03545142	-0.03722638
-0.03641313	-0.03815764
-0.03826559	-0.04094952
-0.04104884	-0.04467165
-0.04480028	-0.05025637
-0.04957463	-0.05630523
-0.05545403	-0.06142378
-0.06254786	-0.06468081
-0.07097540	-0.06747359
-0.08082713	-0.07724559
-0.09208681	-0.09399772
-0.10449087	-0.11261046
-0.11730452	-0.12982768
-0.12904982	-0.14471829
-0.13739358	-0.14704496
-0.13962647	-0.13727295
-0.13400847	-0.12610555
-0.12122470	-0.11586839
-0.10439260	-0.10330462
-0.08736372	-0.08980948
-0.07292067	-0.07864201
-0.06210444	-0.06188989
-0.05451576	-0.04606807
-0.04896207	-0.03862178
-0.04406877	-0.03536481
-0.03870992	-0.03257293
-0.03223795	-0.03908700
-0.02455091	-0.03071135
-0.01607793	-0.01489055
-0.00774208	-0.00232667
-0.00086565	0.00651503
0.00312816	0.01396024
0.00327427	0.00837660
-0.00036710	0.00418830
-0.00659030	-0.00465238
-0.01363049	-0.01488954
-0.02014391	-0.02140456
-0.02582639	-0.02745444
-0.03124552	-0.03722638
-0.03717087	-0.03908795
-0.04398107	-0.04420650
-0.05156373	-0.05351335
-0.05970339	-0.06282014
-0.06850456	-0.07166094
-0.07849187	-0.08422476
-0.09042695	-0.08980948
-0.10473371	-0.09585834
-0.12055308	-0.10935247
-0.13549440	-0.12005568
-0.14694558	-0.13494629
-0.15371291	-0.14844042
-0.15626800	-0.16147041
-0.15575475	-0.15681696
-0.15307288	-0.15588570
-0.14865299	-0.15076715
-0.14264622	-0.14239156
-0.13515355	-0.12470818
-0.12635347	-0.11586744
-0.11653842	-0.10609543
-0.10609290	-0.09632343
-0.09544586	-0.08841211
-0.08501674	-0.08003652
-0.07516231	-0.07212508
-0.06612173	-0.06188792
-0.05796598	-0.05769962
-0.05059078	-0.05165076
-0.04382394	-0.04606706
-0.03764097	-0.03908700
-0.03229007	-0.03257197
-0.02814030	-0.02186972
-0.02541790	-0.01861268
-0.02410846	-0.01861268
-0.02403201	-0.01954401
-0.02494913	-0.02885079
-0.02661791	-0.03536576
-0.02882816	-0.03583091
-0.03148197	-0.03862280
-0.03469897	-0.04281110
-0.03878744	-0.04327619
-0.04405495	-0.04094952
-0.05068224	-0.04281110
-0.05876391	-0.05444467
-0.06839701	-0.07026547
-0.07962929	-0.08143389
-0.09221892	-0.09958148
-0.10542112	-0.12052083
-0.11804466	-0.12424302
-0.12881152	-0.12843126
-0.13681521	-0.13866842
-0.14180236	-0.14239156
-0.14415909	-0.14146125
-0.14469777	-0.14751112
-0.14442547	-0.15169841
-0.14442958	-0.15402514
-0.14586456	-0.15355998
-0.14986028	-0.15867847
-0.15723714	-0.16333193
-0.16822056	-0.17217362
-0.18248078	-0.17915380
-0.19946855	-0.19916296
-0.21858799	-0.23034048
-0.23892175	-0.25872511
-0.25880536	-0.27919942
-0.27588892	-0.29455513
-0.28798470	-0.30200040
-0.29414409	-0.29315871
-0.29504088	-0.28710985
-0.29252088	-0.28245741
-0.28889447	-0.28245741
-0.28629687	-0.28478414
-0.28614536	-0.28478414
-0.28878099	-0.28152615
-0.29356578	-0.28245640
-0.29941434	-0.28478312
-0.30513287	-0.29548544
-0.30943546	-0.30479228
-0.31110832	-0.30525833
-0.30927643	-0.30107015
-0.30353618	-0.29595155
-0.29401904	-0.28199124
-0.28147683	-0.26756591
-0.26732263	-0.25686258
-0.25343475	-0.25034863
-0.24158834	-0.24243820
-0.23275115	-0.23359746
-0.22678919	-0.22940916
-0.22281381	-0.22801375
-0.21982017	-0.22196388
-0.21715228	-0.21684533
-0.21463071	-0.20986515
-0.21242759	-0.20660818
-0.21084382	-0.20055836
-0.21011090	-0.20009321
-0.21027039	-0.20241994
-0.21113542	-0.20893490
-0.21232237	-0.21033037
-0.21333064	-0.21917200
-0.21364421	-0.22568703
-0.21282353	-0.22103357
-0.21056893	-0.21544886
-0.20674786	-0.20986515
-0.20139274	-0.19823164
-0.19468464	-0.18287492
-0.18692791	-0.17589486
-0.17852534	-0.16751927
-0.16994254	-0.15867758
-0.16165914	-0.15402412
-0.15409760	-0.14797527
-0.14753549	-0.14146024
-0.14201714	-0.14146024
-0.13728888	-0.14192641
-0.13278012	-0.13448113
-0.12766422	-0.12563938
-0.12104864	-0.11726391
-0.11231665	-0.10283846
-0.10150580	-0.08515501
-0.08951566	-0.07212609
-0.07801366	-0.06514591
-0.06900518	-0.06235409
-0.06415714	-0.06049252
-0.06419549	-0.06281924
-0.06872010	-0.07026452
-0.07650641	-0.07724458
-0.08606251	-0.08562022
-0.09612332	-0.09585732
-0.10588525	-0.10749090
-0.11497866	-0.11865830
-0.12329046	-0.13308376
-0.13077022	-0.13773710
-0.13732126	-0.13913357
-0.14281313	-0.14146024
-0.14717841	-0.14239156
-0.15051313	-0.14611471
-0.15310505	-0.15635186
-0.15537341	-0.16147041
-0.15776026	-0.16472733
-0.16063192	-0.16519254
-0.16422051	-0.16379613
-0.16861725	-0.16472733
-0.17379536	-0.16984600
-0.17964463	-0.17496550
-0.18600191	-0.18706423
-0.19266628	-0.19637108
-0.19940083	-0.20009321
-0.20591749	-0.20707339
-0.21185263	-0.21451861
-0.21673721	-0.22056746
-0.21998078	-0.21824074
-0.22090475	-0.21637923
-0.21886154	-0.21451765
-0.21345322	-0.20288408
-0.20477766	-0.19078535
-0.19351985	-0.18194371
-0.18074255	-0.17263776
-0.16751313	-0.15728211
-0.15473227	-0.15169841
-0.14326580	-0.14053100
-0.13408111	-0.12871176
-0.12811081	-0.12121958
