-0.00043790	0.00000000
0.00627876	0.00655091
0.01388136	0.01572227
0.02918728	0.02030790
0.02336230	0.02292824
0.02479015	0.02620375
0.02773656	0.03406489
0.04289331	0.04159844
0.07643439	0.06550932
0.12053581	0.12348509
0.16610654	0.16082537
0.20637371	0.20111370
0.23664512	0.23714375
0.25418630	0.26695049
0.25881130	0.25483131
0.25398281	0.25777924
0.24647178	0.24533248
0.24306895	0.23354077
0.24754398	0.23092043
0.26000580	0.25057316
0.27764910	0.27350152
0.29637370	0.30232561
0.31253764	0.32721913
0.32396260	0.33770061
0.33008540	0.33245993
0.33154011	0.32328856
0.32954723	0.31346214
0.32543668	0.31444478
0.32044345	0.31116939
0.31570026	0.30756629
0.31228837	0.30953157
0.31113663	0.31903040
0.31247112	0.31837535
0.31473234	0.32132328
0.31449315	0.30887651
0.30930951	0.29905009
0.29991007	0.28660333
0.28875026	0.27775955
0.27770850	0.26793313
0.26737505	0.27022600
0.25781474	0.26433015
0.24902596	0.25417626
0.24094678	0.24172950
0.23345123	0.23255813
0.22638951	0.22011137
0.21962522	0.21323287
0.21305285	0.21126759
0.20659931	0.21323287
0.20022582	0.21192265
0.19394045	0.21126759
0.18782844	0.20045853
0.18210511	0.18571901
0.17718385	0.17065179
0.17373745	0.15623975
0.17268945	0.14739597
0.17504059	0.15656734
0.18145345	0.16541111
0.19175196	0.19751060
0.20490085	0.22142160
0.21981832	0.24533248
0.23622110	0.25941694
0.25458208	0.27284634
0.27549827	0.27219129
0.29883328	0.29446447
0.32249889	0.31542742
0.34188449	0.33540785
0.35233012	0.35178518
0.35355824	0.35997379
0.35005733	0.34949231
0.34657422	0.34588933
0.34469381	0.34294140
0.34319440	0.34425151
0.34022009	0.33933830
0.33498740	0.33704555
0.32807538	0.32623649
0.32062104	0.31608260
0.31331792	0.30461836
0.30594432	0.30036032
0.29761323	0.29642975
0.28741553	0.28758597
0.27495942	0.27513921
0.26053041	0.25319362
0.24490203	0.22993779
0.22898905	0.20471668
0.21352445	0.18833935
0.19886090	0.18244350
0.18492749	0.17982316
0.17133547	0.17654765
0.15757215	0.16934168
0.14320411	0.15754998
0.12801997	0.13593185
0.11209561	0.11496890
0.09579581	0.08974779
0.07973388	0.06223392
0.06471668	0.04945958
0.05169390	0.03570259
0.04169314	0.02915168
0.03570849	0.03013432
0.03453210	0.03930557
0.03856967	0.03865051
0.04768948	0.04814935
0.06115080	0.06681955
0.07763197	0.08614480
0.09537819	0.10841799
0.11247280	0.12839830
0.12718831	0.14084506
0.13831009	0.14084506
0.14530672	0.13920736
0.14828613	0.13593185
0.14778712	0.13331151
0.14452443	0.13494921
0.13918774	0.13494921
0.13234158	0.13003600
0.12441747	0.12414014
0.11575729	0.11562395
0.10666717	0.10219455
0.09745292	0.09171307
0.08842435	0.08385193
0.07988195	0.07730103
0.07209469	0.07140517
0.06528002	0.06387162
0.05958261	0.06354403
0.05505423	0.05568290
0.05164272	0.04552901
0.04919336	0.03766787
0.04746728	0.03668523
0.04617462	0.03439236
0.04501453	0.03799546
0.04371439	0.04028821
0.04205384	0.03930557
0.03987264	0.04487395
0.03706001	0.04323614
0.03353396	0.04258108
0.02921558	0.03766787
0.02400270	0.03603017
0.01774508	0.02096295
0.01022370	0.00458562
0.00114417	-0.02161807
-0.00984546	-0.03897804
-0.02309719	-0.05306256
-0.03886583	-0.06288898
-0.05718842	-0.07238781
-0.07776130	-0.08319688
-0.09981013	-0.10579759
-0.12190478	-0.13101870
-0.14168806	-0.14706844
-0.15569125	-0.15591222
-0.15975577	-0.14903373
-0.15050536	-0.12708813
-0.12733713	-0.09236819
-0.09354664	-0.06518179
-0.05560115	-0.03734034
-0.02062578	-0.01211923
0.00653925	0.00982642
0.02470365	0.02522111
0.03553597	0.03766787
0.04184377	0.04159844
0.04619975	0.05207992
0.05030472	0.06288898
0.05493905	0.06354403
0.06023476	0.06714702
0.06605799	0.07599080
0.07238843	0.07697344
0.07965809	0.07337046
0.08902927	0.08385193
0.10255765	0.10448742
0.12314838	0.13756955
0.15419528	0.18080580
0.19886504	0.24795282
0.25918373	0.33409762
0.33507663	0.41107106
0.42318448	0.49557817
0.51547402	0.57746482
0.59929967	0.63707829
0.66189891	0.70029473
0.69783610	0.72355056
0.71110517	0.71667218
0.70911759	0.69603670
0.69691354	0.69145107
0.67806536	0.64199150
0.65735638	0.62921715
0.63984305	0.63216507
0.62881935	0.62266624
0.62550896	0.63052738
0.63001794	0.64919746
0.64164662	0.66131675
0.65773112	0.66655743
0.67311090	0.68686533
0.68200636	0.67441857
0.68070048	0.65967906
0.66868389	0.64526701
0.64790750	0.63347530
0.62135684	0.61021948
0.59210914	0.58827388
0.56320685	0.56239760
0.53782898	0.54176223
0.51886135	0.50802493
0.50778240	0.50540447
0.50396365	0.50966263
0.50514162	0.50900757
0.50861079	0.51195550
0.51228070	0.52538490
0.51513875	0.52833283
0.51717371	0.51785135
0.51897842	0.52505732
0.52120364	0.52800524
0.52398592	0.53521132
0.52652943	0.52440226
0.52706981	0.52538490
0.52335852	0.51654112
0.51351923	0.50835240
0.49684191	0.49394035
0.47406933	0.47330499
0.44706711	0.44055033
0.41814807	0.40484774
0.38945815	0.36783493
0.36266562	0.33278739
0.33892524	0.32361615
0.31897753	0.31542742
0.30324841	0.31346214
0.29188424	0.30592859
0.28476813	0.30330825
0.28175825	0.29086149
0.28380945	0.27350152
0.29580075	0.26858830
0.32839671	0.34785461
0.38913119	0.44382572
0.46867326	0.53881431
0.54755026	0.61349487
0.61168587	0.68260729
0.65630203	0.67605639
0.68239903	0.65836883
0.69319785	0.64985263
0.69248325	0.68096960
0.68404156	0.68162465
0.67124873	0.68162465
0.65675032	0.65935147
0.64243281	0.62725186
0.62958509	0.60170329
0.61904168	0.61021948
0.61124009	0.61611533
