0.00013386	0.00000000
0.00248476	0.00326955
0.01009412	0.00747311
0.01712908	0.00980854
0.01206483	0.00887442
0.00602974	0.01144326
0.00705503	0.00934148
0.01382692	0.01307797
0.02346198	0.01914990
0.03333326	0.02919197
0.04188724	0.03689861
0.04853298	0.04717422
0.05319463	0.05021024
0.05591585	0.05184495
0.05686288	0.05441380
0.05672012	0.05371320
0.05670227	0.05371320
0.05765595	0.05418026
0.05916978	0.05721629
0.05959839	0.05908453
0.05701317	0.05674922
0.05068158	0.04950953
0.04200302	0.04343760
0.03372344	0.03432977
0.02807513	0.02545536
0.02579776	0.02241945
0.02655678	0.02241945
0.02989575	0.02568889
0.03595643	0.03339565
0.04539843	0.04787481
0.05826128	0.06118631
0.07306144	0.07519853
0.08662547	0.09434843
0.09533497	0.10182154
0.09792709	0.09364784
0.09580914	0.09177959
0.09142818	0.09084535
0.08695880	0.08524048
0.08385712	0.08430636
0.08291391	0.08967769
0.08429410	0.09131253
0.08745021	0.09364784
0.09132770	0.09154606
0.09517142	0.09131253
0.09907091	0.10205507
0.10313503	0.10859406
0.10634586	0.10859406
0.10685118	0.10976183
0.10343929	0.10836053
0.09655614	0.09691727
0.08807904	0.08594120
0.08027206	0.07870150
0.07467066	0.07449794
0.07158905	0.06889307
0.07047245	0.06632411
0.07057802	0.06912661
0.07136592	0.07426441
0.07251419	0.07916856
0.07379989	0.08383930
0.07501925	0.08453989
0.07598113	0.08127046
0.07654437	0.07870150
0.07665285	0.07519853
0.07634369	0.07309663
0.07572640	0.07309663
0.07494548	0.07449794
0.07414210	0.07379735
0.07342586	0.07076132
0.07285807	0.06865954
0.07244749	0.06819248
0.07215459	0.06842601
0.07190359	0.07006073
0.07159783	0.07496500
0.07113628	0.07893503
0.07042745	0.07823443
0.06939995	0.07636619
0.06800783	0.07356381
0.06623290	0.06655765
0.06408233	0.06188703
0.06158566	0.05978513
0.05878845	0.05698276
0.05574603	0.05441380
0.05251630	0.05114436
0.04915451	0.04390466
0.04570732	0.03970110
0.04220960	0.03526390
0.03867926	0.02779078
0.03511173	0.02101827
0.03147207	0.01634753
0.02768329	0.01517987
0.02361566	0.01237738
0.01908283	0.01074266
0.01386783	0.00980854
0.00780863	0.01074266
0.00097382	0.00116765
-0.00612289	-0.00583839
-0.01246798	-0.01144326
-0.01684993	-0.01564687
-0.01836037	-0.01424569
-0.01673972	-0.00864083
-0.01249397	-0.00560486
-0.00678586	-0.00256890
-0.00104262	0.00537133
0.00358550	0.00887442
0.00658965	0.01027560
0.00808862	0.01704812
0.00854076	0.01914990
0.00843273	0.01564693
0.00810687	0.01050913
0.00772970	0.00840724
0.00733663	0.00397015
0.00689108	0.00723958
0.00633226	0.01074266
0.00560402	0.01261091
0.00466805	0.01447916
0.00350722	0.01844931
0.00212446	0.01798224
0.00053831	0.01704812
-0.00122223	0.01471281
-0.00312249	0.01074266
-0.00512738	0.00350308
-0.00720648	-0.00350302
-0.00933841	-0.01237738
-0.01151536	-0.02125174
-0.01374569	-0.02802432
-0.01605559	-0.03292853
-0.01848764	-0.03666508
-0.02109758	-0.03806633
-0.02394647	-0.03759927
-0.02709278	-0.04016817
-0.03058155	-0.04273707
-0.03443435	-0.04390472
-0.03864183	-0.04460531
-0.04315972	-0.04460531
-0.04790802	-0.04460531
-0.05277504	-0.04647362
-0.05762468	-0.05137783
-0.06230983	-0.05698270
-0.06669179	-0.06188697
-0.07066607	-0.06468940
-0.07418751	-0.06749183
-0.07728453	-0.07076132
-0.08005433	-0.07800096
-0.08263303	-0.09014481
-0.08515164	-0.10275573
-0.08769099	-0.11022884
-0.09025256	-0.10695934
-0.09275311	-0.10042036
-0.09504317	-0.09084541
-0.09694113	-0.08524054
-0.09827416	-0.08664173
-0.09891239	-0.09481549
-0.09878965	-0.10228866
-0.09790275	-0.10532463
-0.09629553	-0.10415691
-0.09403355	-0.09925270
-0.09118173	-0.09645027
-0.08778995	-0.09294724
-0.08389141	-0.08594114
-0.07951166	-0.07613266
-0.07468653	-0.06819242
-0.06948683	-0.05815041
-0.06404381	-0.05021018
-0.05857186	-0.04670715
-0.05337802	-0.04647362
-0.04884715	-0.04810834
-0.04539699	-0.04787481
-0.04339623	-0.04834187
-0.04306548	-0.04974312
-0.04438664	-0.04974312
-0.04706448	-0.04694068
-0.05056497	-0.04717422
-0.05423447	-0.04694068
-0.05746181	-0.04647362
-0.05982903	-0.04834187
-0.06119557	-0.05161142
-0.06169355	-0.05674917
-0.06164841	-0.06025219
-0.06146432	-0.06515646
-0.06151667	-0.06725830
-0.06207632	-0.06562352
-0.06327455	-0.06749183
-0.06510663	-0.06982720
-0.06746153	-0.07309669
-0.07016672	-0.07986921
-0.07303019	-0.08921063
-0.07587609	-0.08991128
-0.07856163	-0.08757591
-0.08098333	-0.08710885
-0.08307319	-0.08220458
-0.08478841	-0.08127046
-0.08610080	-0.08150399
-0.08698517	-0.08360577
-0.08741532	-0.08243811
-0.08736579	-0.08313870
-0.08682048	-0.08103693
-0.08577946	-0.08127046
-0.08426195	-0.08267164
-0.08230431	-0.08150399
-0.07995705	-0.08243811
-0.07727951	-0.07986921
-0.07433542	-0.07893509
-0.07118753	-0.07286316
-0.06789280	-0.06959367
-0.06449737	-0.06655771
-0.06103444	-0.06398880
-0.05752298	-0.06001866
-0.05397001	-0.05721623
-0.05037513	-0.05137783
-0.04673594	-0.04250348
-0.04305461	-0.03432977
-0.03934433	-0.02662307
-0.03563375	-0.02148527
-0.03196919	-0.02195233
-0.02841505	-0.02475476
-0.02505006	-0.02685660
-0.02196162	-0.02685660
-0.01923843	-0.02685660
-0.01696295	-0.02335358
-0.01520300	-0.01961702
-0.01400553	-0.01634753
-0.01339249	-0.01634753
-0.01335639	-0.01751518
-0.01386179	-0.01821578
-0.01484486	-0.01844931
-0.01621415	-0.01985055
-0.01784310	-0.02171880
-0.01954904	-0.02125174
-0.02105409	-0.02078468
-0.02193001	-0.01891637
-0.02155866	-0.01774871
-0.01915420	-0.01588041
-0.01389007	-0.01191032
-0.00512557	-0.00723958
0.00732105	0.01424563
0.02292451	0.03713214
0.04031406	0.06188703
0.05735864	0.07986927
0.07158582	0.09738445
0.08093752	0.09248018
0.08468476	0.08524048
