0.00010459	0.00000000
0.02164189	0.02096224
0.03628869	0.03333330
0.06599946	0.06666672
0.11240999	0.11134017
0.16220431	0.15670109
0.21687604	0.21202755
0.27167103	0.27525771
0.31393191	0.31271482
0.33697143	0.33127153
0.34380606	0.34295535
0.34038031	0.33505154
0.33056822	0.32439864
0.31613222	0.31202745
0.29849190	0.29965639
0.28007087	0.28591061
0.26441199	0.26666665
0.25560927	0.24776638
0.25783259	0.25429559
0.27471396	0.28006876
0.30806187	0.31993127
0.35572109	0.35635734
0.40949807	0.41890037
0.45695293	0.46288657
0.48841432	0.49518895
0.50172657	0.50137460
0.50022072	0.50343645
0.48875922	0.48625433
0.47196525	0.47388315
0.45385590	0.44948459
0.43722373	0.42955327
0.42322758	0.41340208
0.41172972	0.41546392
0.40101144	0.41615117
0.38703480	0.38316154
0.36458182	0.35567009
0.33019415	0.33539522
0.28552672	0.28591061
0.23932220	0.21683848
0.20281781	0.19175255
0.18054901	0.17938149
0.16906905	0.16323030
0.16316119	0.14810991
0.15964814	0.15807557
0.15687683	0.15567005
0.15292604	0.14845359
0.14552779	0.14020622
0.13381386	0.13058424
0.11900723	0.11030924
0.10332938	0.10034359
0.08917896	0.08591068
0.07936321	0.08006871
0.07735305	0.08900344
0.08635066	0.09072161
0.10687050	0.10378003
0.13459982	0.14261174
0.16219321	0.16666663
0.18445805	0.18625426
0.20072341	0.20824742
0.21272072	0.23024058
0.22199665	0.22164953
0.22914495	0.21374571
0.23422848	0.22130585
0.23738046	0.23298967
0.23913498	0.23642612
0.24042000	0.25532651
0.24231182	0.27216494
0.24568401	0.26941586
0.25084254	0.25979376
0.25726184	0.25326455
0.26356307	0.26426113
0.26779231	0.26941586
0.26787898	0.26804125
0.26213947	0.26185572
0.24982680	0.25051546
0.23165826	0.21580756
0.20989226	0.19209623
0.18754773	0.17869413
0.16710319	0.17388320
0.14965041	0.16769755
0.13510780	0.15773201
0.12306650	0.14020622
0.11342360	0.12130582
0.10647790	0.10412371
0.10270311	0.08900344
0.10247846	0.09106529
0.10584180	0.10274911
0.11222978	0.11718214
0.12028049	0.12955332
0.12791027	0.14295530
0.13274769	0.14398623
0.13276385	0.13470793
0.12693812	0.12096214
0.11584996	0.10618556
0.10184504	0.10068727
0.08836587	0.08522332
0.07864548	0.07903779
0.07460596	0.08213055
0.07657595	0.08556700
0.08370091	0.08625424
0.09456052	0.09690726
0.10766052	0.10996568
0.12171359	0.12027490
0.13575487	0.13986254
0.14913924	0.15360820
0.16145714	0.16838491
0.17241682	0.18316150
0.18176006	0.19209623
0.18925695	0.19140899
0.19476752	0.19931269
0.19830927	0.20137453
0.20007382	0.19828176
0.20037188	0.20618558
0.19953409	0.20790374
0.19781767	0.19931269
0.19536087	0.19415808
0.19219530	0.19175255
0.18829806	0.18384874
0.18365173	0.19003439
0.17828357	0.19484532
0.17227411	0.19347084
0.16573818	0.19140899
0.15879552	0.17010307
0.15154503	0.14329898
0.14405791	0.12233675
0.13638638	0.10962200
0.12858047	0.09965634
0.12069725	0.10103095
0.11278833	0.10206187
0.10487150	0.09587634
0.09690325	0.08591068
0.08877262	0.07835054
0.08032385	0.07560134
0.07139829	0.07628870
0.06188051	0.07560134
0.05173120	0.07250857
0.04100302	0.05567014
0.02983017	0.02371132
0.01838330	-0.00343645
0.00675027	-0.02130586
-0.00533333	-0.03573883
-0.01890756	-0.03676975
-0.03562732	-0.03539521
-0.05508798	-0.04776633
-0.07165860	-0.05567008
-0.07852392	-0.05773199
-0.07292926	-0.05807561
-0.05608628	-0.04536080
-0.03189237	-0.01340204
-0.00517647	0.01305842
0.01981728	0.02955329
0.04001985	0.04261172
0.05353638	0.05429554
0.05952451	0.05498278
0.05813132	0.05051541
0.05048314	0.04329896
0.03860036	0.02680409
0.02505383	0.01134026
0.01234060	-0.00103092
0.00223853	-0.01099658
-0.00450289	-0.01237112
-0.00798653	-0.00756013
-0.00870843	0.00000000
-0.00715079	0.00446737
-0.00359402	0.01202750
0.00190331	0.01443303
0.00945982	0.01615119
0.01930834	0.01958764
0.03170003	0.03024054
0.04675939	0.05360830
0.06429835	0.07353950
0.08366339	0.10034359
0.10369910	0.12474227
0.12281535	0.13883162
0.13906316	0.14536083
0.15030880	0.15670109
0.15479006	0.15292096
0.15192358	0.14192438
0.14263038	0.13230240
0.12883574	0.11512029
0.11267465	0.09725082
0.09599216	0.08728528
0.08020322	0.07869411
0.06629787	0.06391752
0.05484087	0.05498278
0.04597493	0.04467356
0.03949287	0.02920961
0.03496983	0.02061856
0.03189661	0.02336764
0.02979450	0.02027488
0.02828609	0.02336764
0.02707631	0.03264606
0.02586495	0.03195882
0.02428645	0.03058422
0.02193085	0.02474225
0.01843313	0.01821303
0.01358344	0.00481105
0.00741592	-0.00343645
0.00025016	-0.01237112
-0.00732094	-0.01821303
-0.01449172	-0.02680415
-0.02034057	-0.02577317
-0.02394827	-0.02233678
-0.02453700	-0.02027494
-0.02164008	-0.01271480
-0.01533535	-0.00412369
-0.00652847	0.00171816
0.00292601	0.00927830
0.01065685	0.01271474
0.01473917	0.01099658
0.01441965	0.01168382
0.01007848	0.01237118
0.00275883	0.00309277
-0.00623835	-0.00549829
-0.01558332	-0.01649487
-0.02410447	-0.02646047
-0.03100437	-0.03642613
-0.03601578	-0.03814435
-0.03938742	-0.03711343
-0.04170860	-0.03333336
-0.04367480	-0.03470790
-0.04588813	-0.03711343
-0.04872881	-0.04329896
-0.05230404	-0.05154639
-0.05646353	-0.06254297
-0.06086409	-0.06838489
-0.06506338	-0.07044673
-0.06861926	-0.07250857
-0.07116935	-0.07182133
-0.07247700	-0.06632304
-0.07243266	-0.06288660
-0.07102902	-0.06323022
-0.06833930	-0.05979383
-0.06452826	-0.05257732
-0.05989588	-0.04604810
-0.05490340	-0.04364264
-0.05012073	-0.03917527
-0.04608323	-0.03676975
-0.04312691	-0.03780067
-0.04129350	-0.04226804
-0.04034942	-0.04432988
