0.00221860	0.00000000
0.01178644	0.01221263
0.03493120	0.03125000
0.04735197	0.05495691
0.06810011	0.06250000
0.08244945	0.07507181
0.08664496	0.08405173
0.08450370	0.08548856
0.08179443	0.08512926
0.08204587	0.08908045
0.08558710	0.08979881
0.09121977	0.08836210
0.09779419	0.08979881
0.10460980	0.09015810
0.11133559	0.10237074
0.11788104	0.11099136
0.12428854	0.12571836
0.13064335	0.13326144
0.13700877	0.14116383
0.14339824	0.14367819
0.14978199	0.15086210
0.15613104	0.14978445
0.16248570	0.15732753
0.16900061	0.16558909
0.17589815	0.17492819
0.18330012	0.18570399
0.19100066	0.19396555
0.19831111	0.19755745
0.20413713	0.20833337
0.20734961	0.20222700
0.20726763	0.19504309
0.20392753	0.19145119
0.19798271	0.19432473
0.19036008	0.18929601
0.18189572	0.18211210
0.17309894	0.17852008
0.16410406	0.17349136
0.15484609	0.15840518
0.14543541	0.14080465
0.13652176	0.13146555
0.12925522	0.11673856
0.12470947	0.10847700
0.12321167	0.10596263
0.12413868	0.11673856
0.12623818	0.12320399
0.12813990	0.13146555
0.12875547	0.13613510
0.12745120	0.13649428
0.12402396	0.12535918
0.11857231	0.11817527
0.11135677	0.10704029
0.10270837	0.09303164
0.09300633	0.08441091
0.08272426	0.07076144
0.07251184	0.05747128
0.06325634	0.05459774
0.05604690	0.05387926
0.05199726	0.05495691
0.05196951	0.06393683
0.05633312	0.07255745
0.06488110	0.08045971
0.07692544	0.08979881
0.09149075	0.09734190
0.10750967	0.10416663
0.12396339	0.12176728
0.13995485	0.13793099
0.15472420	0.15373564
0.16762047	0.16774428
0.17804639	0.17636490
0.18541792	0.17995691
0.18919949	0.18139362
0.18907146	0.18354881
0.18520935	0.18390810
0.17859186	0.18750000
0.17127188	0.17995691
0.16648366	0.17780173
0.16796008	0.17277300
0.17800598	0.17600572
0.19613272	0.19827580
0.21900101	0.22593391
0.24175368	0.24640810
0.26032791	0.26652300
0.27334633	0.28412354
0.28335631	0.28196836
0.29522577	0.29741383
0.31176597	0.32040226
0.33164594	0.34267247
0.35171106	0.36386490
0.36990646	0.37966955
0.38526899	0.38864946
0.39604074	0.39475572
0.40026417	0.40158045
0.39853615	0.39475572
0.39391336	0.39116383
0.38906172	0.38290226
0.38470566	0.37787354
0.38045481	0.37392247
0.37633035	0.38038790
0.37350845	0.38793099
0.37399182	0.39619255
0.37968525	0.39511490
0.39153680	0.39619255
0.40915564	0.41594827
0.43093529	0.44145119
0.45448813	0.46408045
0.47717121	0.49425292
0.49653676	0.52155173
0.51059765	0.53089082
0.51792043	0.52622128
0.51768285	0.51939654
0.50984502	0.50682473
0.49536607	0.49066091
0.47628736	0.47341955
0.45572582	0.46120691
0.43779114	0.44504309
0.42664889	0.43139362
0.42412427	0.43570399
0.42797473	0.43283045
0.43322584	0.43390810
0.43511254	0.43067527
0.43118885	0.42241383
0.42205659	0.40840518
0.41082120	0.39547420
0.40127248	0.39044535
0.39563224	0.39475572
0.39353964	0.40229881
0.39291131	0.40086210
0.39149380	0.40014362
0.38778618	0.39152300
0.38114795	0.37464082
0.37151212	0.35380745
0.35904208	0.33512926
0.34392050	0.32363510
0.32635483	0.30603445
0.30672544	0.29238510
0.28569558	0.27945399
0.26415530	0.26005745
0.24305475	0.22593391
0.22327179	0.20869255
0.20557040	0.19612074
0.19059534	0.18642247
0.17884101	0.17744255
0.17059596	0.17169535
0.16590407	0.15158045
0.16457097	0.13469827
0.16620559	0.13218391
0.17027307	0.13972700
0.17614271	0.15948272
0.18312955	0.18426728
0.19053477	0.21012926
0.19768973	0.21839082
0.20400301	0.22018683
0.20900622	0.22306037
0.21239030	0.22701144
0.21402679	0.22701144
0.21396820	0.22341955
0.21242756	0.21803164
0.20974244	0.21120691
0.20632863	0.20474136
0.20262952	0.19288790
0.19906954	0.18821836
0.19601239	0.19288790
0.19373055	0.19935346
0.19238691	0.20366383
0.19203219	0.20725572
0.19261529	0.20833337
0.19400491	0.19899428
0.19601513	0.19073272
0.19842951	0.18462646
0.20101961	0.18750000
0.20355444	0.19324708
0.20580249	0.20474136
0.20752765	0.21084774
0.20848367	0.21515810
0.20841046	0.21336210
0.20703687	0.21228445
0.20409210	0.20761490
0.19932735	0.20366383
0.19254795	0.19504309
0.18365480	0.18534482
0.17268978	0.16451144
0.15987761	0.14834774
0.14565061	0.13110638
0.13064276	0.11278737
0.11564668	0.09698272
0.10154182	0.08656609
0.08920856	0.07112074
0.07943577	0.06573272
0.07281791	0.06716955
0.06964413	0.07040226
0.06981198	0.07614946
0.07279845	0.08512926
0.07771531	0.08584774
0.08345602	0.08943963
0.08892503	0.09015810
0.09329829	0.09303164
0.09621723	0.09554601
0.09782161	0.09841955
0.09860614	0.09841955
0.09917894	0.09949708
0.10003442	0.09949708
0.10141892	0.09985638
0.10330752	0.10021555
0.10546417	0.10057473
0.10753748	0.10237074
0.10915498	0.10452580
0.10999152	0.11063218
0.10981043	0.11745691
0.10848213	0.12356317
0.10598708	0.12895119
0.10240839	0.13002872
0.09791655	0.12284482
0.09275042	0.11314654
0.08719515	0.09698272
0.08156087	0.07974136
0.07615708	0.06609190
0.07125589	0.05675292
0.06702909	0.05352008
0.06345373	0.05639362
0.06021778	0.05783045
0.05673517	0.05639362
0.05236759	0.05387926
0.04673971	0.04525864
0.03985293	0.03304601
0.03194570	0.01939654
0.02336676	0.01293099
0.01461052	0.00897992
0.00641624	0.00251436
-0.00024920	-0.00035918
-0.00442732	0.00107753
-0.00556240	0.00000000
-0.00382231	-0.00287354
-0.00006646	-0.00035918
0.00463710	0.00646555
0.00974055	0.01149428
0.01572862	0.01831901
0.02363564	0.02981317
0.03347174	0.04777300
0.04403312	0.06214082
0.05474672	0.07327580
0.06601853	0.08225572
