0.00295157	0.00000000
0.02526642	0.03004622
0.08240996	0.08089364
0.13128020	0.12673342
0.15452541	0.15331280
0.16433175	0.15562403
0.15958445	0.16140211
0.14537372	0.14907551
0.13596256	0.13482285
0.13298179	0.12865949
0.13064979	0.12442219
0.12708248	0.12095535
0.12385960	0.12326658
0.12325548	0.12904465
0.12814803	0.13944530
0.14194907	0.14175653
0.16720660	0.16217256
0.20353325	0.20184898
0.24637298	0.24730349
0.28788072	0.28235745
0.32044208	0.32164872
0.34027755	0.34630203
0.34822360	0.34784281
0.34799051	0.33782744
0.34365961	0.32935286
0.33800361	0.33513093
0.33225951	0.33281970
0.32692283	0.33012331
0.32249215	0.32896769
0.31943211	0.32742679
0.31764439	0.31818187
0.31591579	0.31510019
0.31182963	0.31124806
0.30345276	0.30662560
0.29244509	0.29699540
0.28480184	0.28852081
0.28746381	0.28659475
0.30372047	0.30739594
0.33198932	0.34360552
0.36784586	0.37326658
0.40624928	0.42488444
0.44292942	0.46379042
0.47456375	0.48073959
0.49906704	0.49114025
0.51697797	0.51463795
0.53204525	0.52812016
0.54851359	0.55046225
0.56691432	0.57781208
0.58370692	0.58590138
0.59556311	0.60747302
0.60259360	0.59822810
0.60723740	0.59938371
0.61165345	0.60169494
0.61654121	0.61363637
0.62098020	0.61710322
0.62249404	0.62865949
0.61755973	0.61902928
0.60295755	0.59244990
0.57780373	0.57087827
0.54488367	0.54006159
0.51198262	0.51194143
0.48891088	0.49114025
0.47851470	0.49075496
0.47611797	0.48959935
0.47597483	0.48574734
0.47521198	0.47842836
0.47437987	0.48574734
0.47591829	0.48805857
0.48171553	0.48921418
0.49141669	0.49614787
0.50164306	0.50731897
0.50710547	0.50462246
0.50647372	0.50154078
0.50367838	0.50000000
0.50210333	0.49653316
0.50280827	0.49422193
0.50482339	0.49884439
0.50583822	0.50539291
0.50352037	0.50808942
0.49690801	0.50385213
0.48729232	0.49537754
0.47784543	0.47881353
0.47199106	0.45685673
0.47162333	0.45416021
0.47633365	0.47072423
0.48397219	0.48844373
0.49226987	0.50500774
0.50085390	0.51810479
0.50983042	0.51617873
0.51492184	0.51386750
0.51313680	0.51386750
0.50277942	0.50616336
0.48535141	0.49075496
0.46567366	0.46494603
0.44752976	0.44029272
0.43231192	0.41833591
0.42000857	0.40138674
0.40971994	0.39791989
0.40008777	0.40215719
0.39036500	0.39291215
0.38124862	0.38251162
0.37451950	0.37673342
0.37167397	0.37249613
0.37268403	0.37326658
0.37589750	0.37480736
0.37907964	0.37827432
0.38064924	0.37942994
0.38019201	0.37519264
0.37818316	0.36402154
0.37542880	0.36671805
0.37264788	0.36787367
0.37029317	0.37057006
0.36852702	0.37365174
0.36725888	0.37827432
0.36620075	0.37288141
0.36494443	0.36325121
0.36305979	0.35554695
0.36020213	0.35285056
0.35620040	0.35362101
0.35110879	0.34668720
0.34520817	0.34668720
0.33897305	0.34476113
0.33300805	0.33667183
0.32796478	0.32704163
0.32443759	0.32395995
0.32285330	0.32126343
0.32337707	0.32087827
0.32586238	0.32665634
0.32985488	0.33281970
0.33463112	0.33821261
0.33925593	0.34283519
0.34267876	0.34514642
0.34389156	0.34668720
0.34212318	0.34822810
0.33699962	0.34399080
0.32861587	0.33551621
0.31750271	0.32241905
0.30451018	0.29776585
0.29063806	0.27311254
0.27684724	0.25269651
0.26387009	0.24499226
0.25203738	0.24075496
0.24114759	0.23189521
0.23046760	0.21956861
0.21909903	0.21070874
0.20704372	0.19645607
0.19673562	0.18181813
0.19319664	0.18990755
0.20130561	0.21032357
0.22265248	0.22919881
0.25511408	0.27118647
0.29439887	0.32511556
0.33550793	0.37673342
0.37354532	0.41448379
0.40422896	0.44491529
0.42440882	0.44530046
0.43261209	0.43181813
0.42946306	0.40947616
0.41777337	0.39060092
0.40208107	0.37596297
0.38752994	0.36325121
0.37836906	0.36209548
0.37682420	0.36440682
0.38297468	0.38751924
0.39548260	0.41718030
0.41243699	0.44144833
0.43181762	0.45647144
0.45162341	0.48151004
0.46993983	0.48613250
0.48510665	0.48574734
0.49596101	0.49268103
0.50204569	0.49961483
0.50368631	0.49961483
0.50190157	0.50693369
0.49816170	0.50693369
0.49405921	0.50539291
0.49097469	0.50038517
0.48983133	0.49768877
0.49099186	0.49191058
0.49429923	0.49306631
0.49921906	0.49653316
0.50502211	0.51502311
0.51095968	0.52465332
0.51640522	0.52966106
0.52095145	0.53697991
0.52446085	0.53775036
0.52707696	0.53120184
0.52920276	0.52812016
0.53146470	0.52927577
0.53467900	0.53697991
0.53982621	0.55546999
0.54801631	0.56856704
0.56034738	0.59129429
0.57747650	0.62249613
0.59883237	0.64599383
0.62207365	0.66063178
0.64373022	0.67719567
0.66058022	0.68181813
0.67086154	0.67758095
0.67509705	0.67180276
0.67586392	0.67526960
0.67658907	0.68605542
0.68027264	0.69915259
0.68867689	0.70878279
0.70200503	0.73151004
0.71891564	0.74537754
0.73676145	0.75269651
0.75213218	0.76425266
0.76197535	0.77812016
0.76540178	0.77426815
0.76491529	0.77003086
0.76450545	0.77311254
0.76546508	0.76887524
0.76557648	0.75693369
0.76319104	0.75308168
0.75911087	0.74499226
0.75260907	0.73228037
0.74118137	0.71918333
0.72501403	0.70685673
0.70743454	0.69337440
0.69217139	0.68489981
0.68138355	0.67449927
0.67528391	0.67604005
0.67275387	0.67912173
0.67220622	0.68104780
0.67222756	0.68374419
0.67188126	0.67719567
0.67075288	0.67565489
0.66886109	0.67449927
0.66652453	0.67411399
0.66422677	0.66987669
0.66250157	0.67372882
0.66184127	0.66756546
0.66262978	0.66486907
0.66510230	0.66371346
0.66932702	0.67526960
0.67520624	0.69491529
0.68249077	0.71032357
0.69080222	0.72688746
0.69966042	0.73805857
0.70851803	0.74114025
