0.00171032	0.00000000
0.01105991	0.01254475
0.03054970	0.02355349
0.02984005	0.03584230
0.04309042	0.04454684
0.05309096	0.04249871
0.04571517	0.04838705
0.04403789	0.05145931
0.04769163	0.04685104
0.05211185	0.04608297
0.05557154	0.04813111
0.05762078	0.05222738
0.05828299	0.05222738
0.05802967	0.06118786
0.05783077	0.06656420
0.05912833	0.06682026
0.06396358	0.06528413
0.07537113	0.06861234
0.09698860	0.09933436
0.12926559	0.13082433
0.16363652	0.16231441
0.18762039	0.18663597
0.19806238	0.21018946
0.19947512	0.19866872
0.19664438	0.19329238
0.19298394	0.18919611
0.19031061	0.18637991
0.18867476	0.18484378
0.18695550	0.17997956
0.18367185	0.17690730
0.17771919	0.17537117
0.16902368	0.17485917
0.15874679	0.16359448
0.14875533	0.16282642
0.14086123	0.14157701
0.13637485	0.12980032
0.13593872	0.12467992
0.13941307	0.13312852
0.14572091	0.13620067
0.15283890	0.15309775
0.15848143	0.15949821
0.16180737	0.16461849
0.16483139	0.17025089
0.17106734	0.17741930
0.18111823	0.18202770
0.19072880	0.18970811
0.19582526	0.19329238
0.19680835	0.19303632
0.19596295	0.19278038
0.19448267	0.19585252
0.19539864	0.19815671
0.20394580	0.20097291
0.22415014	0.22427034
0.25741252	0.26804912
0.30196854	0.31618023
0.35245639	0.36277521
0.40142360	0.41321039
0.44259289	0.44700456
0.47309089	0.46799791
0.49327588	0.48745525
0.50535405	0.50742447
0.51214510	0.52278543
0.51638651	0.53200209
0.52042371	0.53200209
0.52607286	0.52688169
0.53453600	0.52739370
0.54635584	0.54070663
0.56146681	0.55760372
0.57945323	0.57552481
0.60015923	0.60061443
0.62472254	0.64157701
0.65644610	0.67895544
0.69926053	0.71633387
0.75186926	0.75934458
0.80394179	0.81259596
0.84436619	0.84382999
0.87098426	0.86789560
0.88944608	0.89196110
0.90906388	0.92319512
0.93610436	0.94265234
0.96289295	0.96262157
0.96798664	0.95596516
0.94006413	0.94265234
0.89351565	0.88120842
0.85113776	0.83870971
0.82616758	0.81515622
0.81966716	0.80798769
0.82643682	0.81310809
0.83955067	0.85253453
0.84952807	0.86891961
0.84886795	0.85663080
0.83794242	0.83410144
0.82560062	0.82078850
0.82428932	0.81413209
0.84007239	0.81771636
0.87096447	0.87506402
0.91063470	0.94060421
0.95244753	0.99078345
0.99160856	1.02713776
1.02540445	1.04403472
1.05272794	1.03993845
1.07350039	1.05273938
1.08804655	1.06451607
1.09655118	1.08397341
1.09883857	1.11264729
1.09447813	1.10189462
1.08299601	1.08499742
1.06422210	1.06144404
1.03896546	1.02816176
1.00960171	0.99078345
0.97985691	0.96620584
0.95385659	0.94367635
0.93518078	0.92677927
0.92627841	0.92729139
0.92789459	0.93855608
0.93847328	0.94316435
0.95440865	0.94879675
0.97156310	0.96569383
0.98677260	0.98105478
0.99825710	0.99743986
1.00544763	1.01638508
1.00864625	1.02252936
1.00840950	1.01484895
1.00491178	1.00153613
0.99771684	0.98003078
0.98604399	0.96108556
0.96932834	0.95391703
0.94777447	0.94879675
0.92254484	0.92626727
0.89533204	0.89503324
0.86742729	0.85970306
0.83891785	0.81874037
0.80905491	0.77982593
0.77789068	0.75883257
0.74747401	0.73527908
0.72127509	0.71787000
0.70265901	0.70404506
0.69386989	0.68202770
0.69627064	0.68407583
0.71195650	0.73015869
0.74681354	0.78033793
0.81366354	0.83922172
0.92234188	1.02304149
1.05613637	1.12186384
1.18785000	1.22529435
1.30797815	1.37890434
1.41304338	1.48950338
1.48368204	1.46082950
1.49080908	1.47260618
1.45814896	1.46748590
1.43167424	1.42345119
1.43151164	1.44444442
1.46713459	1.47414231
1.53524542	1.59549403
1.61699843	1.68509984
1.69778371	1.75985670
1.77424932	1.77265739
1.84531355	1.88786483
1.91015553	1.97747064
1.97862422	2.04659510
2.07893848	2.13620067
2.19858956	2.26420879
2.27826619	2.30517149
2.32262301	2.32309270
2.34692693	2.34613419
2.35974097	2.37173581
2.36756182	2.35893488
2.37873554	2.35125446
2.40246844	2.42805934
2.44549370	2.50998473
2.50930095	2.52790570
2.58848453	2.55606771
2.67322993	2.77880192
2.75966024	2.81976438
2.86548877	2.90937018
3.03038526	3.08346128
3.23997521	3.39068079
3.38205647	3.36507940
3.44443798	3.45724535
3.46421218	3.46236563
3.36866117	3.30363560
3.11524844	2.95289302
2.83043718	2.75576043
2.56504846	2.45878148
2.31180549	2.20532513
2.09904075	2.03891444
1.96978951	1.98003078
1.93244481	1.91090631
1.96021008	1.98259091
2.02187777	2.07987714
2.10148644	2.18228364
2.20221996	2.22580647
2.33579707	2.44086027
2.50324130	2.59190989
2.67942262	2.76344085
2.81676769	2.83000517
2.87870002	2.92473125
2.86634159	2.84536600
2.81367803	2.79160261
2.77144146	2.74551964
2.78322053	2.85560679
2.86066890	2.92473125
2.97609091	3.04249859
3.08462405	3.12442398
3.15776134	3.16282654
3.19232059	3.17306709
3.19670677	3.20890951
3.17873573	3.18586779
3.14304566	3.12698412
3.09315729	3.04505873
3.03302431	2.97081423
2.96658111	2.91705060
2.89668727	2.85304666
2.82532477	2.79416275
2.75559831	2.73527908
2.69504380	2.66103435
2.65879464	2.65847421
2.66916108	2.69175625
2.74788690	2.80952382
2.90114713	3.00409603
3.10326791	3.23451090
3.29609561	3.37275982
3.42341542	3.42652321
3.47390270	3.48540688
3.47306967	3.49820805
3.44872141	3.42140293
3.41791224	3.37019968
3.38916707	3.38300037
3.36609960	3.40348196
3.34936309	3.31387615
3.33719134	3.32155657
3.32485747	3.32411671
3.30414867	3.31643629
3.26614642	3.21658993
3.20951247	3.17562723
3.14516306	3.12698412
3.08802962	3.06554031
3.04739738	3.03481817
3.02448440	2.99897599
3.01523352	3.03993845
3.01388907	3.00665665
