0.00109696	0.00000000
0.01102884	0.00833333
0.01817830	0.01888883
0.02676542	0.02611113
0.03568204	0.03666663
0.04436229	0.03722227
0.04862837	0.04333329
0.04916145	0.04888892
0.04950358	0.05111110
0.05256219	0.05333328
0.05851041	0.05777776
0.06554841	0.06222224
0.07163014	0.06777775
0.07562856	0.07333338
0.07749324	0.07555556
0.07775752	0.07888889
0.07697304	0.07944441
0.07541938	0.07722223
0.07313369	0.07166672
0.07011776	0.06833339
0.06655835	0.06500006
0.06293322	0.05999994
0.05993934	0.05666661
0.05824779	0.05944443
0.05816598	0.06277776
0.05936460	0.06222224
0.06084050	0.06277776
0.06121229	0.06222224
0.05926324	0.05666661
0.05454527	0.04833329
0.04809831	0.04388893
0.04330699	0.04166663
0.04515199	0.04111111
0.05653383	0.06611109
0.07575567	0.07777774
0.09767929	0.09500003
0.11757155	0.11500001
0.13347925	0.13944447
0.14547212	0.14222217
0.15427889	0.15666664
0.16060358	0.16611111
0.16496618	0.16833329
0.16771831	0.16555560
0.16906211	0.17277777
0.16903165	0.17277777
0.16742599	0.17055559
0.16366751	0.16944444
0.15663941	0.16166663
0.14491411	0.13555551
0.12823184	0.11777782
0.10988650	0.10500002
0.09620614	0.09555554
0.09154030	0.09222221
0.09500268	0.09666669
0.10256507	0.09944439
0.11052342	0.10777783
0.11688949	0.11777782
0.12107868	0.12500000
0.12323533	0.12944448
0.12380354	0.13444448
0.12332839	0.12833333
0.12232971	0.11722219
0.12119031	0.11111116
0.12008847	0.10722220
0.11900623	0.10444450
0.11780539	0.11166668
0.11633317	0.12222219
0.11451115	0.12944448
0.11237437	0.13166666
0.11005324	0.13499999
0.10771997	0.12888885
0.10553083	0.12000000
0.10359584	0.10944450
0.10197775	0.10166669
0.10070904	0.09111106
0.09981017	0.08722222
0.09929810	0.08333337
0.09918439	0.08611107
0.09946908	0.09166670
0.10013382	0.09555554
0.10113870	0.09444439
0.10242335	0.08777773
0.10391061	0.09166670
0.10551234	0.09444439
0.10713552	0.10277772
0.10868622	0.11000001
0.11007164	0.12166667
0.11119927	0.11944449
0.11197336	0.11777782
0.11229001	0.11444449
0.11203168	0.11333334
0.11106111	0.11222219
0.10921706	0.11444449
0.10631661	0.11555552
0.10217141	0.12000000
0.09663488	0.11166668
0.08969183	0.10444450
0.08157320	0.09055555
0.07283379	0.07222223
0.06430580	0.04944444
0.05690451	0.04111111
0.05137090	0.03555560
0.04809143	0.03555560
0.04706614	0.04222226
0.04799925	0.04999995
0.05043580	0.05888891
0.05388020	0.06444442
0.05786963	0.06944442
0.06199951	0.07111108
0.06592269	0.07166672
0.06933849	0.07166672
0.07199071	0.07222223
0.07367902	0.06833339
0.07427932	0.06444442
0.07376228	0.06333339
0.07219590	0.06222224
0.06973009	0.06166661
0.06656356	0.06222224
0.06290396	0.06111109
0.05891927	0.05722225
0.05467401	0.05055559
0.05002211	0.04388893
0.04446925	0.03444445
0.03724970	0.02444446
0.02821811	0.01833332
0.01916151	0.01388884
0.01269867	0.00666666
0.00934591	0.00444448
0.00776093	0.00555551
0.00686117	0.00388885
0.00674312	0.00055552
0.00823194	0.00277781
0.01154515	0.00555551
0.01552575	0.01055551
0.01833895	0.01611114
0.01864763	0.01999998
0.01609923	0.01944447
0.01110979	0.01222217
0.00445056	0.00222218
-0.00305947	-0.00500000
-0.01070891	-0.01166666
-0.01794663	-0.02055556
-0.02438426	-0.02611113
-0.02977849	-0.03166670
-0.03400350	-0.03777778
-0.03702249	-0.04166669
-0.03886050	-0.04277778
-0.03958179	-0.04277778
-0.03927532	-0.04166669
-0.03804828	-0.04277778
-0.03602679	-0.04611111
-0.03336050	-0.04277778
-0.03022410	-0.03500003
-0.02680945	-0.02611113
-0.02330483	-0.01722223
-0.01986495	-0.00944442
-0.01658603	-0.00722224
-0.01350468	-0.00611109
-0.01062130	-0.00666666
-0.00794007	-0.00555557
-0.00549990	-0.00333333
-0.00338039	-0.00111109
-0.00168596	0.00055552
-0.00051720	0.00222218
0.00005384	0.00222218
0.00000131	0.00055552
-0.00064835	-0.00555557
-0.00182059	-0.01111114
-0.00340347	-0.01611114
-0.00526242	-0.01722223
-0.00725525	-0.01666665
-0.00924595	-0.00888890
-0.01111527	-0.00277776
-0.01276915	0.00555551
-0.01414488	0.00833333
-0.01521429	0.00999999
-0.01598421	0.00833333
-0.01649345	0.00722218
-0.01680563	0.00111115
-0.01700020	-0.00166667
-0.01716170	-0.00333333
-0.01737056	-0.00611109
-0.01769532	-0.00999999
-0.01818740	-0.01222223
-0.01887765	-0.01611114
-0.01977284	-0.02166665
-0.02085157	-0.02444446
-0.02206130	-0.02333331
-0.02331374	-0.02277780
-0.02448676	-0.02166665
-0.02543029	-0.01888889
-0.02598262	-0.01388890
-0.02599376	-0.01555556
-0.02535491	-0.01444447
-0.02402560	-0.01611114
-0.02205396	-0.01611114
-0.01958039	-0.01833332
-0.01682477	-0.01722223
-0.01405719	-0.01944447
-0.01155947	-0.02055556
-0.00958897	-0.02222222
-0.00835097	-0.02333331
-0.00798452	-0.01999998
-0.00856128	-0.01888889
-0.01008935	-0.01833332
-0.01251671	-0.01777780
-0.01572741	-0.01777780
-0.01953368	-0.02222222
-0.02366733	-0.02333331
-0.02778359	-0.02333331
-0.03148624	-0.02111113
-0.03438178	-0.02277780
-0.03615542	-0.02444446
-0.03664824	-0.02666664
-0.03590833	-0.02944446
-0.03419222	-0.03388888
-0.03191228	-0.03333336
-0.02954499	-0.03333336
-0.02752909	-0.03166670
-0.02618480	-0.03055555
-0.02567340	-0.03111112
-0.02600139	-0.03166670
-0.02705516	-0.03222221
-0.02864279	-0.03388888
-0.03052799	-0.03500003
-0.03244343	-0.03277779
-0.03409125	-0.03500003
-0.03514214	-0.03333336
-0.03524680	-0.03222221
-0.03407127	-0.02777779
-0.03135987	-0.02388889
-0.02702598	-0.01499999
-0.02124926	-0.01055557
-0.01453660	-0.00444442
-0.00768438	-0.00111109
-0.00160567	0.00111115
0.00293830	0.00111115
0.00557891	0.00333333
0.00642033	0.00666666
0.00591834	0.00166667
0.00464602	-0.00555557
