-0.00064572	0.00000000
0.01569604	0.01221836
0.02151213	0.02176404
0.04497660	0.04620087
0.07122384	0.07254672
0.10023645	0.09125626
0.13418898	0.13325691
0.16868289	0.17105770
0.19496404	0.19396710
0.20885801	0.20618558
0.21539667	0.21954942
0.22180329	0.21534932
0.23118389	0.22413135
0.24257198	0.24360442
0.25300997	0.25735009
0.25927556	0.26269567
0.25955731	0.26269567
0.25593275	0.25658643
0.25501880	0.25085914
0.26179096	0.26002288
0.27477446	0.27682316
0.28899330	0.29209626
0.29992595	0.30775106
0.30519915	0.30775106
0.30464289	0.30469644
0.29942185	0.30011451
0.29105231	0.29209626
0.28082767	0.28102326
0.26966256	0.26765943
0.25813308	0.24895000
0.24653746	0.23596787
0.23491751	0.22527683
0.22305951	0.21840394
0.21053022	0.21802211
0.19681580	0.20198548
0.18161242	0.18251240
0.16520984	0.16418481
0.14870453	0.14662087
0.13371974	0.12638414
0.12171838	0.11874759
0.11352251	0.11072934
0.10939343	0.10958385
0.10926381	0.10576558
0.11268990	0.11263835
0.11868177	0.11683846
0.12574908	0.12142038
0.13223539	0.13669336
0.13673542	0.14585721
0.13833849	0.13860250
0.13660949	0.13936615
0.13145128	0.13822067
0.12314504	0.11951125
0.11277696	0.10729289
0.10271439	0.09927452
0.09612255	0.09469259
0.09513094	0.09660172
0.09922497	0.10118365
0.10584773	0.10767472
0.11249515	0.11683846
0.11791430	0.12294769
0.12196323	0.12371135
0.12504868	0.12218404
0.12764096	0.12409317
0.12998818	0.12867510
0.13215491	0.13287508
0.13433628	0.14012980
0.13700871	0.14814818
0.14056246	0.14967549
0.14479958	0.14776635
0.14894240	0.14700270
0.15208353	0.14623904
0.15330890	0.14471173
0.15125498	0.14165711
0.14473791	0.14127529
0.13537888	0.13822067
0.12752807	0.13363874
0.12376241	0.12982059
0.12257369	0.12867510
0.12028362	0.12714779
0.11407457	0.12218404
0.10382871	0.11683846
0.09178708	0.10576558
0.08079199	0.09316528
0.07287093	0.07941961
0.06884091	0.07063770
0.06845415	0.06911039
0.07070874	0.07216489
0.07426797	0.08056509
0.07785943	0.08858347
0.08050263	0.09316528
0.08157448	0.09049261
0.08081979	0.08743799
0.07837864	0.07369220
0.07480666	0.06567395
0.07101887	0.06872857
0.06812066	0.06949222
0.06716483	0.07140136
0.06892461	0.07980144
0.07375650	0.08094692
0.08155341	0.07636499
0.09176114	0.08018327
0.10343562	0.09316528
0.11536956	0.10652924
0.12631495	0.12714779
0.13527714	0.14585721
0.14176784	0.15731192
0.14589262	0.15540278
0.14823611	0.15769374
0.14962569	0.15196645
0.15089658	0.14891183
0.15272212	0.14700270
0.15549472	0.14891183
0.15922980	0.15807557
0.16353135	0.17029405
0.16768193	0.17373037
0.17084469	0.17678499
0.17226978	0.17716682
0.17142621	0.17029405
0.16806477	0.16113019
0.16224733	0.15082097
0.15434523	0.14203894
0.14500670	0.14280260
0.13508691	0.13249338
0.12551810	0.11645663
0.11712632	0.11111116
0.11046129	0.10729289
0.10571563	0.09736538
0.10275410	0.09392893
0.10121557	0.09851086
0.10062733	0.09851086
0.10049027	0.09736538
0.10031517	0.09736538
0.09961346	0.09927452
0.09785753	0.10156548
0.09442292	0.10156548
0.08852842	0.09583807
0.07919666	0.09011078
0.06528829	0.06185567
0.04574108	0.03818250
0.02018418	0.01718211
-0.01013722	-0.00744557
-0.04192726	-0.03894615
-0.07090373	-0.07025582
-0.09364542	-0.10061091
-0.10817907	-0.12218404
-0.11316650	-0.11741120
-0.10739587	-0.10996562
-0.09029888	-0.07827413
-0.06256716	-0.05021000
-0.02600365	-0.00343645
0.01677055	0.02520049
0.06198536	0.07789230
0.10449873	0.11798394
0.13877122	0.15998471
0.16085263	0.17678499
0.16952735	0.18136692
0.16569680	0.15883923
0.15188776	0.14929366
0.13252847	0.13440239
0.11300592	0.10691106
0.09729056	0.09201980
0.08645991	0.08209240
0.07880591	0.06720126
0.07091518	0.05345547
0.06104865	0.05421913
0.05252747	0.04963732
0.05080912	0.04543722
0.05900059	0.04887366
0.07741925	0.07674682
0.10459919	0.11378384
0.13821515	0.15234828
0.17572999	0.19167626
0.21480007	0.22794962
0.25372791	0.25544095
0.29197216	0.29400539
0.32948098	0.33562434
0.36356416	0.36617029
0.38718048	0.39633453
0.39442119	0.40358913
0.38637391	0.38373423
0.36876181	0.36540663
0.34698266	0.34440625
0.32446480	0.32569683
0.30347708	0.30087817
0.28574899	0.28140509
0.27197269	0.26536846
0.26152354	0.26002288
0.25295389	0.25353193
0.24469666	0.24856818
0.23555754	0.24207711
0.22493510	0.22336769
0.21284264	0.21344030
0.19982335	0.19129443
0.18679175	0.18671250
0.17480607	0.17258501
0.16478385	0.16571212
0.15723856	0.15387547
0.15219608	0.15120280
0.14936985	0.15311182
0.14846846	0.15731192
0.14936814	0.16113019
0.15202442	0.15998471
0.15622583	0.16151202
0.16137306	0.16303933
0.16642019	0.16800308
0.17001256	0.16914856
0.17080671	0.17296684
0.16786255	0.17373037
0.16093653	0.16418481
0.15052447	0.15693009
0.13765489	0.14280260
0.12355863	0.13172972
0.10937321	0.11569297
0.09596573	0.09392893
0.08388835	0.07216489
0.07342401	0.06109202
0.06466733	0.05154634
0.05759962	0.05040097
0.05213837	0.05727375
0.04816253	0.06529212
0.04552162	0.07331038
0.04404137	0.07521951
0.04353064	0.07292855
0.04379292	0.06681943
0.04463780	0.06071019
0.04589795	0.05460095
0.04743794	0.05154634
0.04916145	0.04849184
0.05101171	0.04887366
0.05296482	0.05192816
0.05501656	0.05536461
0.05716936	0.05918288
0.05941581	0.06261933
0.06172779	0.06681943
0.06405020	0.07407403
0.06630065	0.07903779
0.06837685	0.08323789
0.07016699	0.08858347
0.07156308	0.09087443
0.07247373	0.08781981
0.07283418	0.08667433
