-0.00083324	0.00000000
-0.00023196	0.00069821
0.00357138	-0.00069821
-0.00019805	0.00023270
-0.00075505	-0.00139385
0.00145413	-0.00069821
0.00142800	-0.00371867
0.00056865	-0.00302303
0.00010227	-0.00093091
0.00099044	0.00325572
0.00365810	0.00581324
0.00792875	0.00883377
0.01306172	0.01046288
0.01799561	0.01441431
0.02172543	0.01720464
0.02366717	0.01883376
0.02385517	0.01836836
0.02292179	0.02162409
0.02185346	0.02278519
0.02159698	0.02604091
0.02270265	0.03022504
0.02516256	0.03441179
0.02847378	0.03278255
0.03185295	0.02952683
0.03449714	0.02627361
0.03579946	0.02464449
0.03546529	0.02348340
0.03351758	0.02394879
0.03022140	0.02394879
0.02597268	0.02301788
0.02119272	0.02139127
0.01625259	0.02185416
0.01143502	0.02022767
0.00692690	0.01604342
0.00283199	0.01139390
-0.00080676	0.00650895
-0.00398158	-0.00093091
-0.00669842	-0.00929928
-0.00896069	-0.01325321
-0.01076452	-0.01743734
-0.01210405	-0.01999485
-0.01298409	-0.02441430
-0.01343479	-0.02464712
-0.01352040	-0.02371609
-0.01333933	-0.02069306
-0.01301322	-0.02069306
-0.01266910	-0.01906651
-0.01242144	-0.01906651
-0.01235689	-0.01418412
-0.01252769	-0.00953197
-0.01295005	-0.00720716
-0.01361010	-0.00511509
-0.01447090	-0.00395137
-0.01548026	-0.01278770
-0.01657839	-0.02092582
-0.01770301	-0.02534276
-0.01879426	-0.02720207
-0.01979727	-0.02697188
-0.02066584	-0.02301788
-0.02136380	-0.02255243
-0.02186706	-0.02301788
-0.02216447	-0.02325064
-0.02225648	-0.02394885
-0.02215254	-0.02441430
-0.02186582	-0.02418160
-0.02140907	-0.02208698
-0.02079497	-0.02046037
-0.02004846	-0.01627618
-0.01922983	-0.01441437
-0.01845082	-0.01278770
-0.01784694	-0.01185679
-0.01750010	-0.01208949
-0.01737144	-0.01604348
-0.01734355	-0.01581079
-0.01735817	-0.01534528
-0.01750496	-0.01511258
-0.01794345	-0.01418155
-0.01871311	-0.01325321
-0.01958506	-0.01604348
-0.02008337	-0.01790279
-0.01971558	-0.01976216
-0.01836081	-0.02115858
-0.01661427	-0.02162403
-0.01573404	-0.02348340
-0.01704936	-0.02650636
-0.02126378	-0.02813298
-0.02823157	-0.03045779
-0.03722645	-0.03696930
-0.04730470	-0.04580307
-0.05747245	-0.05510229
-0.06666730	-0.06579798
-0.07382084	-0.07672632
-0.07829493	-0.08184141
-0.08037740	-0.08160871
-0.08119179	-0.07998210
-0.08185722	-0.08184141
-0.08230685	-0.08486450
-0.08113913	-0.08486450
-0.07684021	-0.07835299
-0.06915091	-0.07230943
-0.05935395	-0.06161380
-0.04934934	-0.04766244
-0.04044975	-0.03534013
-0.03290444	-0.02859849
-0.02636289	-0.02046037
-0.02063634	-0.01232225
-0.01614204	-0.00697446
-0.01392940	-0.00860357
-0.01519968	-0.01348591
-0.02019035	-0.01999485
-0.02724695	-0.02697188
-0.03348945	-0.03557289
-0.03662868	-0.03510743
-0.03594638	-0.03487724
-0.03203315	-0.03278261
-0.02636514	-0.03115600
-0.02099998	-0.02813298
-0.01799747	-0.03138876
-0.01869646	-0.03301537
-0.02329777	-0.03789771
-0.03096921	-0.04394376
-0.04034398	-0.04882604
-0.05006433	-0.05533504
-0.05910979	-0.06207925
-0.06687912	-0.06719434
-0.07312281	-0.06951922
-0.07782459	-0.07207674
-0.08109333	-0.07254219
-0.08309742	-0.07277495
-0.08406298	-0.07277495
-0.08430219	-0.07370329
-0.08419134	-0.07277495
-0.08408447	-0.07277495
-0.08422989	-0.07370329
-0.08475580	-0.07347059
-0.08571786	-0.07533252
-0.08717021	-0.08091050
-0.08921081	-0.09114069
-0.09198129	-0.09974426
-0.09563146	-0.10904348
-0.10029485	-0.11183375
-0.10612371	-0.11323017
-0.11333242	-0.11764705
-0.12204649	-0.12648338
-0.13190135	-0.13369054
-0.14186564	-0.14368802
-0.15077113	-0.15368539
-0.15804832	-0.15717393
-0.16381094	-0.15694118
-0.16842550	-0.15740407
-0.17229052	-0.16972888
-0.17597131	-0.18228388
-0.18034159	-0.19065213
-0.18644173	-0.19995397
-0.19480501	-0.20855498
-0.20459642	-0.20925319
-0.21395697	-0.21041685
-0.22137527	-0.21483374
-0.22616541	-0.21785682
-0.22801837	-0.22204089
-0.22696842	-0.22157550
-0.22394869	-0.22018158
-0.22093180	-0.21808952
-0.21981764	-0.21762401
-0.22061269	-0.21413553
-0.22091585	-0.21506649
-0.21815974	-0.21646041
-0.21236835	-0.21529925
-0.20601642	-0.21274173
-0.20165053	-0.21227622
-0.20015416	-0.21018416
-0.20091787	-0.20692843
-0.20288683	-0.20553195
-0.20531625	-0.20623022
-0.20792612	-0.20623022
-0.21068834	-0.20553195
-0.21356994	-0.20716113
-0.21639760	-0.20878774
-0.21884082	-0.20995140
-0.22046411	-0.21181071
-0.22083929	-0.21367007
-0.21973176	-0.21460104
-0.21728994	-0.21599489
-0.21408442	-0.21483374
-0.21100427	-0.21506649
-0.20910098	-0.21553195
-0.20920272	-0.21390283
-0.21134543	-0.21204352
-0.21459119	-0.21157801
-0.21746653	-0.21018416
-0.21860358	-0.21041685
-0.21716437	-0.20971864
-0.21297736	-0.20971864
-0.20649962	-0.20995140
-0.19888546	-0.21064961
-0.19236624	-0.20971864
-0.18938228	-0.21088237
-0.19018927	-0.20995140
-0.19299169	-0.20925319
-0.19610001	-0.20809203
-0.19903071	-0.20785934
-0.20230232	-0.20716113
-0.20668758	-0.20716113
-0.21232490	-0.20576727
-0.21801065	-0.20390540
-0.22135305	-0.20041943
-0.22018422	-0.19507158
-0.21415092	-0.19088495
-0.20489490	-0.18879282
-0.19492818	-0.18716627
-0.18640856	-0.18321228
-0.18049961	-0.18181837
-0.17733438	-0.18018925
-0.17635240	-0.17786443
-0.17673875	-0.17623788
-0.17776249	-0.18018925
-0.17894317	-0.18274683
-0.18007310	-0.18367773
-0.18116291	-0.18297952
-0.18236478	-0.18065476
-0.18389581	-0.17763174
-0.18596713	-0.17693609
-0.18870914	-0.17902815
-0.19208369	-0.18298209
-0.19578826	-0.18879282
-0.19919597	-0.19460613
-0.20141704	-0.20088232
-0.20153813	-0.20646292
-0.19893666	-0.21064705
-0.19343479	-0.21087980
-0.18521120	-0.20204604
-0.17463365	-0.18460870
-0.16217043	-0.16321737
-0.14837341	-0.14205879
-0.13390608	-0.12136573
-0.11963366	-0.10392839
-0.10663570	-0.09323275
-0.09584825	-0.08765471
-0.08753683	-0.07928389
-0.08126757	-0.08679289
-0.07639191	-0.09972119
