0.00259502	0.00000000
0.01398577	0.01292109
0.02865316	0.03276420
0.05216210	0.04799259
0.06617658	0.06183660
0.07731040	0.07798803
0.08179902	0.08075678
0.08194540	0.08029532
0.07973816	0.07983387
0.07725720	0.07983387
0.07620035	0.07798803
0.07758413	0.07568061
0.08141629	0.07706511
0.08684255	0.08491004
0.09261264	0.08860171
0.09754287	0.09275496
0.10079072	0.09644675
0.10193367	0.10059988
0.10092191	0.10013843
0.09799175	0.09967697
0.09358709	0.09736967
0.08829798	0.08998621
0.08280973	0.08075678
0.07783924	0.07245040
0.07405894	0.06368256
0.07199840	0.05952930
0.07193877	0.06598985
0.07381769	0.06968164
0.07719330	0.07014310
0.08132358	0.07198894
0.08534060	0.08260262
0.08844037	0.08998621
0.09001847	0.09460080
0.08974181	0.10244572
0.08756353	0.10106134
0.08368714	0.09044766
0.07849868	0.07844949
0.07248159	0.06645131
0.06613235	0.05260730
0.05989097	0.04245496
0.05409659	0.03507149
0.04896657	0.02814949
0.04459850	0.02861094
0.04098575	0.03184128
0.03803517	0.03645599
0.03558125	0.03968620
0.03339057	0.04337800
0.03115700	0.04291642
0.02850236	0.03876328
0.02501603	0.03876328
0.02037893	0.02861094
0.01458441	0.01753581
0.00816997	0.00369179
0.00223376	-0.00922936
-0.00193043	-0.02030456
-0.00342433	-0.01661283
-0.00213812	-0.01338255
0.00129946	-0.00184590
0.00588273	0.01199818
0.01062240	0.02168894
0.01479747	0.02030456
0.01804559	0.02122748
0.02034120	0.01984310
0.02192806	0.01845872
0.02324914	0.01938164
0.02489193	0.02030456
0.02753242	0.01892018
0.03184454	0.02814949
0.03832112	0.03414857
0.04699580	0.04937696
0.05719920	0.06922007
0.06766073	0.08721733
0.07712226	0.08906317
0.08503829	0.09321642
0.09167486	0.09137058
0.09753250	0.08675587
0.10266510	0.08906317
0.10643102	0.09967697
0.10774669	0.10659897
0.10560018	0.10521460
0.09957530	0.10106134
0.09027241	0.09229350
0.07946070	0.07937241
0.06966380	0.06275952
0.06316548	0.05399168
0.06102388	0.05537605
0.06274853	0.06275952
0.06669240	0.06829715
0.07075135	0.07706511
0.07299586	0.07798803
0.07210845	0.07291186
0.06763896	0.06137514
0.06009823	0.05030000
0.05087712	0.04291642
0.04202095	0.04199350
0.03589243	0.03922474
0.03469551	0.04060912
0.03985313	0.05445313
0.05143479	0.06645131
0.06798530	0.08167970
0.08697349	0.10013843
0.10568626	0.11213660
0.12205655	0.11444390
0.13500330	0.13105679
0.14427844	0.14259350
0.15011950	0.15274572
0.15302414	0.16474390
0.15376830	0.17028153
0.15352689	0.16520536
0.15378028	0.16012919
0.15580195	0.16012919
0.15995739	0.16059065
0.16543023	0.16982007
0.17084245	0.17489612
0.17548089	0.18089521
0.18012302	0.18643284
0.18664227	0.20119977
0.19665645	0.21135211
0.21021229	0.21642828
0.22552155	0.22981083
0.24047188	0.24457777
0.25381407	0.25842178
0.26397273	0.26626670
0.26889274	0.27088141
0.26755771	0.26765108
0.26109478	0.25657594
0.25261268	0.24965394
0.24580868	0.24642360
0.24323915	0.25288415
0.24544998	0.25657594
0.25121817	0.26257503
0.25832152	0.25888324
0.26431337	0.26026762
0.26710656	0.26303649
0.26534143	0.26718962
0.25855547	0.26626670
0.24716946	0.25288415
0.23231131	0.23073375
0.21552885	0.21412086
0.19840841	0.19381630
0.18206242	0.17351174
0.16667388	0.16105211
0.15151966	0.14490080
0.13583626	0.12044299
0.11979063	0.09413934
0.10429557	0.07798803
0.09022966	0.06460547
0.07806031	0.05999076
0.06788185	0.06691277
0.05958232	0.07891095
0.05298221	0.07198894
0.04789972	0.06598985
0.04415650	0.06229806
0.04156186	0.05030000
0.03991296	0.03368711
0.03903481	0.03137982
0.03885259	0.02076602
0.03946279	0.01199818
0.04116695	0.01292109
0.04445747	0.02215040
0.04996207	0.03276420
0.05829004	0.06414402
0.06962717	0.08860171
0.08312354	0.10336876
0.09672786	0.11721277
0.10801831	0.12598062
0.11528778	0.11813569
0.11791667	0.11490536
0.11614767	0.11167514
0.11075146	0.10336876
0.10275643	0.10106134
0.09323491	0.09736967
0.08314241	0.09229350
0.07322280	0.08537149
0.06397827	0.07798803
0.05568931	0.06691277
0.04846165	0.05768347
0.04228253	0.05030000
0.03707188	0.03876328
0.03272224	0.03184128
0.02912519	0.02722657
0.02618659	0.02261186
0.02383287	0.01384401
0.02201229	0.00969076
0.02069479	0.00507617
0.01987186	0.00369179
0.01955775	0.00415325
0.01978968	0.01338255
0.02062397	0.02445781
0.02211741	0.03461003
0.02428478	0.03876328
0.02702969	0.04522383
0.03007895	0.04245496
0.03299287	0.04522383
0.03530426	0.04337800
0.03671055	0.04199350
0.03714147	0.04060912
0.03667042	0.04060912
0.03542979	0.03461003
0.03363980	0.03276420
0.03166638	0.03091836
0.02997796	0.02445781
0.02899903	0.02491927
0.02896676	0.02307332
0.02987348	0.02030456
0.03150627	0.01892018
0.03353932	0.02353489
0.03563172	0.01892018
0.03750062	0.02861094
0.03895952	0.04568529
0.03992759	0.05445313
0.04041260	0.06137514
0.04047823	0.07106602
0.04020150	0.06091368
0.03963427	0.04199350
0.03877699	0.03184128
0.03757307	0.02491927
0.03591982	0.01892018
0.03369072	0.02076602
0.03076351	0.02538073
0.02705212	0.02491927
0.02254871	0.01984310
0.01737675	0.01476693
0.01184647	0.00876784
0.00649663	0.00184584
0.00208885	0.00046146
-0.00049670	0.00230730
-0.00053325	0.00553763
0.00210564	0.00969076
0.00654787	0.01430547
0.01108973	0.01892018
0.01426311	0.01892018
0.01611008	0.02030456
0.01812324	0.02122748
0.02183484	0.02676511
0.02782305	0.03645599
0.03546888	0.04753113
0.04338430	0.05491459
0.05025850	0.06137514
0.05535787	0.06737423
0.05856068	0.06506693
