0.00048197	0.00000000
0.02591130	0.02312672
0.03922044	0.03654027
0.04726876	0.04440331
0.03791486	0.03931546
0.03389533	0.03469014
0.03169020	0.02728951
0.02843352	0.02405179
0.02588110	0.02173913
0.02538030	0.02636445
0.02698390	0.02960217
0.03009080	0.02913964
0.03392477	0.02867711
0.03777005	0.03284001
0.04113148	0.03561521
0.04385285	0.04209065
0.04612701	0.04717851
0.04837136	0.05041623
0.05105199	0.04949117
0.05459093	0.04949117
0.05930014	0.05550420
0.06524085	0.06336725
0.07213919	0.07169282
0.07944377	0.08048105
0.08641891	0.08926916
0.09227531	0.08926916
0.09639682	0.09019423
0.09858038	0.09250689
0.09910505	0.09435713
0.09856360	0.09389460
0.09757335	0.09898245
0.09654357	0.10129511
0.09559070	0.09990752
0.09459369	0.09759486
0.09332006	0.09481966
0.09155227	0.08603144
0.08916242	0.07955599
0.08611530	0.07631826
0.08241622	0.07261789
0.07805173	0.07261789
0.07296930	0.07030523
0.06710999	0.06706750
0.06046022	0.06429231
0.05308190	0.05735433
0.04510610	0.04625344
0.03670420	0.03792787
0.02806591	0.02451432
0.01941783	0.00971317
0.01109406	0.00000000
0.00362963	-0.00416279
-0.00221680	-0.00878817
-0.00561596	-0.00601298
-0.00597581	-0.00416279
-0.00319786	0.00138760
0.00229836	0.00971317
0.00974284	0.01803887
0.01823388	0.02173913
0.02693393	0.02775204
0.03528486	0.03237748
0.04335406	0.03515267
0.05228610	0.04995370
0.06382970	0.06938016
0.07840219	0.08834410
0.09603561	0.10962069
0.11432739	0.12812209
0.12742986	0.13182235
0.13199243	0.12719703
0.12843284	0.12395930
0.11927254	0.11193335
0.10768765	0.09990752
0.09660433	0.09065676
0.08818956	0.08926916
0.08363804	0.08788157
0.08319549	0.08926916
0.08634363	0.09065676
0.09204741	0.09481966
0.09896532	0.09713233
0.10557221	0.09898245
0.11021256	0.10314524
0.11120263	0.10129511
0.10718420	0.09713233
0.09783208	0.09296942
0.08454244	0.08233118
0.07029139	0.06984270
0.05843411	0.06429231
0.05134074	0.06290472
0.04967619	0.05920446
0.05235998	0.05966699
0.05717410	0.06244218
0.06188218	0.05827940
0.06501596	0.05319154
0.06566750	0.05087876
0.06313904	0.05180383
0.05728550	0.05041623
0.04890601	0.05781686
0.03926824	0.04440331
0.02946972	0.03561521
0.02058034	0.02821457
0.01379831	0.01526368
0.01003771	0.00000000
0.00954278	0.00416279
0.01196753	0.00740051
0.01670204	0.00878811
0.02312738	0.02081406
0.03071715	0.03607774
0.03902900	0.04995370
0.04763566	0.05966699
0.05605228	0.06706750
0.06370653	0.06984270
0.06997332	0.06845510
0.07426460	0.06660497
0.07614984	0.06799257
0.07546926	0.06660497
0.07239409	0.06660497
0.06740047	0.06706750
0.06115918	0.06660497
0.05438827	0.06059206
0.04773344	0.05735433
0.04171218	0.05642927
0.03670003	0.05134130
0.03292750	0.04717851
0.03048791	0.04856610
0.02937390	0.04625344
0.02953546	0.04116559
0.03091927	0.03931546
0.03347372	0.03885293
0.03712286	0.03607774
0.04173236	0.03977799
0.04708119	0.04671597
0.05284820	0.05411661
0.05862220	0.06151712
0.06393543	0.07261789
0.06831913	0.07863092
0.07136346	0.07631826
0.07277259	0.07400560
0.07239358	0.07215536
0.07020815	0.06475484
0.06627153	0.04902864
0.06057543	0.04301572
0.05282612	0.03422761
0.04224138	0.02358925
0.02785409	0.01433861
0.00980024	-0.00277519
-0.01007995	-0.03746533
-0.02980837	-0.05319148
-0.04721804	-0.06799263
-0.05923192	-0.07169288
-0.06327318	-0.05966699
-0.05894026	-0.03469008
-0.04860835	-0.02590191
-0.03635893	-0.01988900
-0.02596714	-0.02266419
-0.01947624	-0.02173913
-0.01705668	-0.02081406
-0.01772884	-0.02035153
-0.02018523	-0.01988900
-0.02328919	-0.02682704
-0.02624170	-0.03052729
-0.02856292	-0.03376502
-0.03000866	-0.03422755
-0.03048754	-0.03098983
-0.03000019	-0.02266419
-0.02860486	-0.01803887
-0.02640015	-0.01433855
-0.02351501	-0.01341349
-0.02010369	-0.01480108
-0.01633893	-0.01618874
-0.01240489	-0.01711380
-0.00848637	-0.01341349
-0.00475651	-0.00693804
-0.00136444	0.00185013
0.00157711	0.01202595
0.00399877	0.02127659
0.00587614	0.02913964
0.00722665	0.03145242
0.00809951	0.02960217
0.00856620	0.02312672
0.00870751	0.01526368
0.00860416	0.00277519
0.00832732	-0.00323772
0.00793285	-0.00786310
0.00745705	-0.00878817
0.00691504	-0.00786310
0.00630080	-0.00693804
0.00558846	-0.00832564
0.00473497	-0.00740057
0.00368376	-0.00786310
0.00236896	-0.00786310
0.00072045	-0.00601298
-0.00133084	-0.00555044
-0.00384687	-0.00601298
-0.00687632	-0.00555044
-0.01044903	-0.00878817
-0.01457014	-0.01156336
-0.01921569	-0.01480108
-0.02432985	-0.01295096
-0.02982504	-0.02220166
-0.03558428	-0.03283995
-0.04146759	-0.04764110
-0.04732175	-0.05735433
-0.05299236	-0.07631820
-0.05833554	-0.08464384
-0.06323004	-0.08834410
-0.06758408	-0.08834410
-0.07133922	-0.09019428
-0.07446928	-0.08603144
-0.07697544	-0.08233118
-0.07888018	-0.07863092
-0.08022138	-0.07446808
-0.08104680	-0.07308048
-0.08141065	-0.07169288
-0.08137132	-0.07076782
-0.08098914	-0.07123035
-0.08032535	-0.07215542
-0.07944132	-0.07585567
-0.07839690	-0.07955599
-0.07725126	-0.08048105
-0.07606206	-0.08001852
-0.07488656	-0.07863092
-0.07378133	-0.06984276
-0.07280153	-0.06891769
-0.07199921	-0.07076782
-0.07141993	-0.07354301
-0.07109863	-0.07678074
-0.07105581	-0.08464384
-0.07129368	-0.08418131
-0.07179523	-0.08048105
-0.07252448	-0.07678074
-0.07342990	-0.08186865
-0.07444780	-0.08048105
-0.07550748	-0.08001852
-0.07653484	-0.08186865
-0.07745653	-0.08279371
-0.07820293	-0.07585567
-0.07871070	-0.07770580
-0.07892464	-0.07955599
-0.07879950	-0.08001852
-0.07830129	-0.08048105
-0.07740767	-0.07539314
-0.07610835	-0.06660497
-0.07440472	-0.06105459
