0.00006370	0.00000000
0.00397664	0.00274479
0.00585248	0.00365961
0.01761155	0.01555347
0.02113928	0.02195787
0.02604939	0.02561760
0.02991741	0.02744734
0.03208135	0.03110707
0.03258733	0.02653253
0.03178535	0.02378774
0.03017201	0.02378774
0.02840851	0.02744734
0.02731995	0.02927721
0.02780251	0.03293681
0.03060378	0.03659654
0.03600551	0.03751147
0.04355071	0.03842640
0.05203594	0.04483080
0.05988595	0.05123508
0.06571025	0.05580974
0.06871319	0.06587374
0.06883186	0.07136321
0.06669304	0.06861854
0.06343915	0.06770360
0.06036897	0.06861854
0.05847605	0.06129920
0.05814812	0.05306494
0.05919540	0.05215001
0.06110618	0.05123508
0.06332423	0.05215001
0.06543212	0.05946934
0.06722909	0.06953335
0.06873234	0.07868254
0.07012863	0.08051240
0.07168458	0.07685268
0.07361829	0.07319307
0.07595872	0.07502282
0.07846457	0.07685268
0.08071667	0.07776761
0.08245452	0.08142722
0.08407596	0.08417201
0.08693302	0.08142722
0.09293404	0.08325708
0.10367133	0.09881055
0.11972675	0.11985362
0.13958411	0.14455628
0.15984040	0.17200363
0.17678517	0.18389750
0.18565397	0.18755722
0.18431564	0.18755722
0.17490591	0.17017388
0.16114254	0.15462029
0.14627409	0.14547122
0.13263406	0.12808788
0.12162589	0.11161935
0.11374836	0.11253428
0.10928377	0.11161935
0.10962492	0.11344922
0.11693403	0.12442815
0.13102517	0.13357735
0.14849350	0.14821589
0.16566136	0.16651416
0.18070531	0.18755722
0.19338416	0.20585549
0.20396185	0.21774936
0.21241538	0.22781336
0.21804510	0.22415376
0.22005774	0.20951509
0.21906775	0.20677030
0.21744390	0.21134496
0.21773209	0.20860016
0.22070907	0.21225989
0.22438742	0.23330283
0.22506617	0.23055804
0.22022481	0.21683443
0.21031870	0.20768523
0.19781403	0.19670630
0.18538244	0.17017388
0.17495148	0.15645015
0.16741045	0.15919483
0.16254063	0.15553522
0.15917982	0.15279043
0.15566714	0.15462029
0.15048750	0.15553522
0.14288425	0.14547122
0.13313787	0.13632202
0.12240098	0.12625802
0.11224230	0.11985362
0.10414237	0.11070454
0.09911816	0.10704482
0.09754860	0.10430014
0.09919219	0.10612988
0.10333955	0.10704482
0.10902975	0.11527908
0.11526041	0.12717295
0.12114839	0.13083255
0.12602355	0.12717295
0.12945849	0.12808788
0.13125135	0.12534308
0.13137825	0.12351322
0.12993622	0.12534308
0.12708744	0.12991762
0.12301339	0.12808788
0.11788368	0.12534308
0.11183758	0.11893868
0.10498023	0.11436415
0.09739079	0.10887468
0.08914272	0.08874655
0.08033456	0.07593775
0.07112557	0.06404388
0.06176469	0.05123508
0.05259615	0.03842640
0.04402308	0.03934121
0.03642999	0.03476667
0.03007715	0.02653253
0.02498429	0.02378774
0.02084516	0.02561760
0.01706538	0.02470267
0.01296474	0.02012813
0.00803736	0.01463866
0.00212388	0.00640440
-0.00453839	-0.00457454
-0.01135902	-0.01555353
-0.01751353	-0.02744740
-0.02214390	-0.03385180
-0.02463932	-0.03934127
-0.02492946	-0.03934127
-0.02360973	-0.03476667
-0.02173154	-0.02378774
-0.02033573	-0.02195793
-0.02005796	-0.02104300
-0.02104163	-0.02195793
-0.02310641	-0.02012807
-0.02596752	-0.02653247
-0.02937001	-0.02470267
-0.03312726	-0.02378774
-0.03711323	-0.02927721
-0.04125588	-0.04300094
-0.04554703	-0.05032021
-0.05006196	-0.05855441
-0.05496275	-0.06861848
-0.06046267	-0.07227814
-0.06674799	-0.08142728
-0.07387681	-0.09332114
-0.08169284	-0.10247028
-0.08978365	-0.10064042
-0.09749280	-0.10430008
-0.10399039	-0.09917659
-0.10839592	-0.09149128
-0.10993023	-0.08636779
-0.10805552	-0.09021044
-0.10262358	-0.09021044
-0.09418869	-0.08709973
-0.08435213	-0.08289111
-0.07536231	-0.08069533
-0.06889619	-0.07868254
-0.06534456	-0.07685268
-0.06414752	-0.07795060
-0.06444572	-0.08069533
-0.06547499	-0.07978040
-0.06668077	-0.07337600
-0.06769559	-0.06514180
-0.06827993	-0.05763954
-0.06827073	-0.04757547
-0.06755066	-0.04117107
-0.06603839	-0.04391581
-0.06369092	-0.04757547
-0.06051039	-0.04849041
-0.05654661	-0.05123514
-0.05189261	-0.05123514
-0.04667515	-0.03842634
-0.04105226	-0.02927721
-0.03522082	-0.02470267
-0.02943487	-0.02104300
-0.02401395	-0.02470267
-0.01932230	-0.03659654
-0.01570679	-0.02836233
-0.01342678	-0.02927721
-0.01264614	-0.02287281
-0.01354468	-0.01280880
-0.01648533	-0.00914913
-0.02202529	-0.02378774
-0.03056364	-0.02927721
-0.04175238	-0.04391581
-0.05423953	-0.05946934
-0.06617205	-0.07154620
-0.07607999	-0.08398902
-0.08337840	-0.08911252
-0.08826113	-0.09204024
-0.09132209	-0.09112537
-0.09323315	-0.09057641
-0.09456834	-0.08929551
-0.09574413	-0.09075940
-0.09702263	-0.09185725
-0.09852328	-0.09295517
-0.10021882	-0.09240621
-0.10196030	-0.09258920
-0.10357267	-0.09588289
-0.10497802	-0.10173833
-0.10625538	-0.10759377
-0.10758917	-0.11308324
-0.10913096	-0.11747485
-0.11085157	-0.11784083
-0.11246622	-0.11619395
-0.11348894	-0.11473012
-0.11341128	-0.11271727
-0.11193377	-0.11088747
-0.10914250	-0.10978955
-0.10553157	-0.10741079
-0.10184315	-0.10100639
-0.09880298	-0.09588289
-0.09692314	-0.09149128
-0.09649947	-0.08819765
-0.09773113	-0.08984447
-0.10074560	-0.10082340
-0.10546740	-0.10869169
-0.11153337	-0.11399817
-0.11838387	-0.12058556
-0.12541921	-0.12424523
-0.13209827	-0.12534308
-0.13798305	-0.12753886
-0.14277352	-0.13376027
-0.14633760	-0.13961571
-0.14871772	-0.14730102
-0.15009865	-0.15443730
-0.15074451	-0.15791398
-0.15092888	-0.16029274
-0.15087686	-0.16065872
-0.15073459	-0.15791398
-0.15056436	-0.15388840
-0.15036158	-0.15096068
-0.15008184	-0.14913082
-0.14966953	-0.14766699
-0.14907882	-0.14565414
-0.14828925	-0.14382434
-0.14731456	-0.14437330
-0.14621243	-0.14217752
-0.14509611	-0.14053065
-0.14413796	-0.14016467
-0.14354067	-0.13943273
-0.14345904	-0.13924974
