0.00061818	0.00000000
-0.00141257	-0.00217390
-0.00344120	-0.00543481
-0.01613183	-0.01702899
-0.02046574	-0.02391303
-0.02706556	-0.02934784
-0.03094019	-0.03079712
-0.03188775	-0.03260869
-0.03093724	-0.02826089
-0.02920909	-0.03079712
-0.02748151	-0.03405797
-0.02622546	-0.03297102
-0.02574953	-0.03115940
-0.02627739	-0.03152174
-0.02791954	-0.02499998
-0.03062294	-0.02246374
-0.03418082	-0.03007245
-0.03830826	-0.03949273
-0.04272808	-0.04601449
-0.04718977	-0.05543476
-0.05142522	-0.06014490
-0.05512741	-0.05833334
-0.05802068	-0.05724639
-0.05997263	-0.05760872
-0.06105441	-0.05724639
-0.06150295	-0.06159419
-0.06161233	-0.06268114
-0.06161103	-0.06231886
-0.06158204	-0.06195652
-0.06144936	-0.06268114
-0.06102565	-0.05833334
-0.06010130	-0.05797100
-0.05856140	-0.05833334
-0.05650475	-0.05615944
-0.05431195	-0.05507249
-0.05260693	-0.05507249
-0.05211966	-0.05434781
-0.05355192	-0.05543476
-0.05750155	-0.06195652
-0.06428836	-0.06811595
-0.07345518	-0.07681161
-0.08329906	-0.08623189
-0.09145486	-0.09528983
-0.09641738	-0.10072464
-0.09821730	-0.09963769
-0.09776575	-0.09746379
-0.09608433	-0.09384060
-0.09399204	-0.08985507
-0.09204885	-0.08768117
-0.09056760	-0.08876812
-0.08964875	-0.08804345
-0.08923694	-0.08985507
-0.08920482	-0.08840579
-0.08944331	-0.08695650
-0.08991721	-0.08731884
-0.09066026	-0.08623189
-0.09172770	-0.08586955
-0.09314977	-0.09311593
-0.09491301	-0.09746379
-0.09696388	-0.10108697
-0.09922113	-0.10760868
-0.10158709	-0.11268115
-0.10395871	-0.11014491
-0.10623489	-0.11050725
-0.10832465	-0.11159420
-0.11015131	-0.11123186
-0.11165257	-0.10869563
-0.11277883	-0.10797101
-0.11348946	-0.10833335
-0.11374931	-0.10942030
-0.11352769	-0.11050725
-0.11279653	-0.11340582
-0.11152682	-0.11449277
-0.10968436	-0.11195654
-0.10722527	-0.10978264
-0.10410129	-0.10760868
-0.10027604	-0.10471016
-0.09575202	-0.10072464
-0.09059718	-0.09492755
-0.08496143	-0.08768117
-0.07907422	-0.07681161
-0.07322405	-0.06521738
-0.06772710	-0.05724639
-0.06289318	-0.05471015
-0.05899492	-0.05253625
-0.05624479	-0.05579710
-0.05477981	-0.05978262
-0.05465412	-0.06340581
-0.05583815	-0.06268114
-0.05822355	-0.06376809
-0.06163046	-0.06739128
-0.06581791	-0.07246375
-0.07049523	-0.07572466
-0.07533494	-0.07862318
-0.07998793	-0.08188409
-0.08410391	-0.08260870
-0.08735935	-0.08333331
-0.08949304	-0.08514494
-0.09034584	-0.08985507
-0.08989151	-0.08949274
-0.08824989	-0.08550727
-0.08567369	-0.08188409
-0.08250993	-0.07971013
-0.07913691	-0.07717389
-0.07587685	-0.07499999
-0.07290317	-0.07355070
-0.07018023	-0.07065219
-0.06749348	-0.06485510
-0.06458875	-0.05724639
-0.06136896	-0.05289853
-0.05803045	-0.05217391
-0.05502854	-0.05000001
-0.05286406	-0.05108696
-0.05181516	-0.05471015
-0.05180844	-0.05760872
-0.05252264	-0.05978262
-0.05360880	-0.06195652
-0.05482899	-0.06413043
-0.05605711	-0.06304348
-0.05722439	-0.06376809
-0.05828533	-0.06050724
-0.05921417	-0.05797100
-0.06001492	-0.05543476
-0.06072304	-0.05942029
-0.06139143	-0.06195652
-0.06206978	-0.06739128
-0.06279209	-0.06920290
-0.06357995	-0.06920290
-0.06445508	-0.06594205
-0.06544997	-0.06268114
-0.06660775	-0.05905795
-0.06797417	-0.06014490
-0.06958758	-0.06268114
-0.07147228	-0.06413043
-0.07363887	-0.06702900
-0.07608791	-0.07499999
-0.07881452	-0.08442026
-0.08181046	-0.09239131
-0.08506043	-0.10036230
-0.08853868	-0.10507244
-0.09220548	-0.10833335
-0.09601131	-0.10362321
-0.09990619	-0.09891301
-0.10385317	-0.09818840
-0.10783875	-0.10108697
-0.11187601	-0.10362321
-0.11599469	-0.11086959
-0.12022248	-0.11920291
-0.12455785	-0.12753624
-0.12894288	-0.13152176
-0.13324389	-0.13804346
-0.13724899	-0.14492756
-0.14069127	-0.14999998
-0.14330044	-0.14855075
-0.14487793	-0.14963770
-0.14536802	-0.14565217
-0.14489748	-0.14347827
-0.14375824	-0.14130437
-0.14233424	-0.14130437
-0.14100128	-0.13949275
-0.14003801	-0.13768119
-0.13957356	-0.13514495
-0.13958569	-0.13369566
-0.13993852	-0.13297099
-0.14044045	-0.13550723
-0.14090048	-0.13731885
-0.14116396	-0.13876814
-0.14112349	-0.13804346
-0.14071645	-0.13876814
-0.13991868	-0.13695651
-0.13874252	-0.13514495
-0.13724382	-0.13405800
-0.13552772	-0.13550723
-0.13374807	-0.13514495
-0.13209341	-0.13369566
-0.13076179	-0.13297099
-0.12992969	-0.13188404
-0.12972440	-0.13079709
-0.13020597	-0.13007247
-0.13136406	-0.12971014
-0.13312523	-0.13079709
-0.13536933	-0.13442028
-0.13794951	-0.13804346
-0.14070816	-0.14275360
-0.14348842	-0.14746374
-0.14613777	-0.15181160
-0.14850074	-0.15072465
-0.15040185	-0.14927536
-0.15162314	-0.14565217
-0.15189406	-0.14420289
-0.15092908	-0.13985509
-0.14855741	-0.13840580
-0.14495833	-0.13695651
-0.14089386	-0.13695651
-0.13765968	-0.13768119
-0.13650656	-0.13804346
-0.13781430	-0.14021736
-0.14081341	-0.14130437
-0.14416285	-0.14347827
-0.14675264	-0.14492756
-0.14806010	-0.14601451
-0.14803222	-0.14565217
-0.14682330	-0.14637679
-0.14462331	-0.14420289
-0.14161161	-0.14166665
-0.13799042	-0.13731885
-0.13403462	-0.13297099
-0.13011380	-0.12826085
-0.12665902	-0.12355071
-0.12407894	-0.12028986
-0.12266074	-0.11992753
-0.12247673	-0.11811596
-0.12329566	-0.11594200
-0.12452860	-0.11594200
-0.12531154	-0.11630434
-0.12482946	-0.11557972
-0.12276573	-0.11449277
-0.11953226	-0.11557972
-0.11607563	-0.11521739
-0.11343585	-0.11159420
-0.11237136	-0.11050725
-0.11319454	-0.11340582
-0.11576740	-0.11449277
-0.11957149	-0.11884058
-0.12382166	-0.12500000
-0.12765379	-0.13043481
-0.13039839	-0.13260871
-0.13180637	-0.13442028
-0.13205779	-0.13297099
-0.13157018	-0.13188404
-0.13080052	-0.13043481
-0.13011312	-0.12862319
-0.12967546	-0.12826085
-0.12941201	-0.12753624
-0.12907825	-0.12500000
-0.12840113	-0.12282610
-0.12718873	-0.12101448
-0.12536995	-0.11956519
-0.12298088	-0.11775362
-0.12013049	-0.12173915
-0.11696547	-0.12572461
