0.00122436	0.00000000
0.02869852	0.03028095
0.04886763	0.04450929
0.06925632	0.06822324
0.08618285	0.08792412
0.10221212	0.10251737
0.11343206	0.10944915
0.11803611	0.11638093
0.11808458	0.11747539
0.11697561	0.11419189
0.11661769	0.11382711
0.11702582	0.11382711
0.11737578	0.11893475
0.11705278	0.12075889
0.11608548	0.12477195
0.11507027	0.11747539
0.11498483	0.11419189
0.11708526	0.10944915
0.12277094	0.11492157
0.13327271	0.13389277
0.14907517	0.16307914
0.16900979	0.18168557
0.18939912	0.19919741
0.20442598	0.20685875
0.20871912	0.20065665
0.20130627	0.18971181
0.18765014	0.18788767
0.17613174	0.18898213
0.17140362	0.18350971
0.17206059	0.17292964
0.17333734	0.16672742
0.17021473	0.15286386
0.15907946	0.14228380
0.13835883	0.13827074
0.10873084	0.10944915
0.07315077	0.07260120
0.03631708	0.04268515
0.00310953	0.00437796
-0.02340819	-0.03976649
-0.04292260	-0.05180591
-0.05707520	-0.06056184
-0.06781292	-0.07041228
-0.07621975	-0.07880336
-0.08248572	-0.07843852
-0.08667909	-0.08719444
-0.08940287	-0.08646482
-0.09165397	-0.08719444
-0.09405461	-0.08719444
-0.09638719	-0.09230208
-0.09803711	-0.08865380
-0.09871306	-0.09193724
-0.09856749	-0.09631521
-0.09779206	-0.09923387
-0.09633015	-0.10142285
-0.09393547	-0.09740973
-0.09039502	-0.09084278
-0.08570884	-0.08500546
-0.08013681	-0.07624954
-0.07412611	-0.06749362
-0.06818524	-0.05983216
-0.06276976	-0.05581903
-0.05821402	-0.05144107
-0.05471173	-0.04888725
-0.05233635	-0.04341483
-0.05107918	-0.04669827
-0.05088326	-0.04925209
-0.05165917	-0.05144107
-0.05329290	-0.05508935
-0.05565998	-0.06056184
-0.05864231	-0.06092668
-0.06212306	-0.06019700
-0.06594880	-0.06129152
-0.06988430	-0.06348050
-0.07360740	-0.06931776
-0.07679030	-0.07661438
-0.07926479	-0.08792412
-0.08122389	-0.09485590
-0.08336106	-0.09631521
-0.08679789	-0.09376138
-0.09263336	-0.09558553
-0.10114020	-0.09412622
-0.11118664	-0.10069317
-0.12085290	-0.11492157
-0.12876433	-0.13097411
-0.13440476	-0.14301348
-0.13767424	-0.15140462
-0.13868497	-0.15213424
-0.13774231	-0.14264870
-0.13528815	-0.13170373
-0.13181795	-0.12185335
-0.12781808	-0.11419189
-0.12373233	-0.10580081
-0.11994186	-0.10689527
-0.11675067	-0.10981393
-0.11436875	-0.10835463
-0.11289455	-0.11090845
-0.11229905	-0.11966437
-0.11242144	-0.12294781
-0.11297852	-0.12513679
-0.11358918	-0.12732577
-0.11380605	-0.12294781
-0.11314508	-0.11419189
-0.11111356	-0.10580081
-0.10724036	-0.09339654
-0.10114279	-0.08281648
-0.09267767	-0.07442540
-0.08219428	-0.06676394
-0.07075308	-0.06311566
-0.06003389	-0.06275082
-0.05180281	-0.05837286
-0.04719605	-0.05618387
-0.04627113	-0.05727839
-0.04809947	-0.05071139
-0.05130680	-0.05034661
-0.05470839	-0.05363005
-0.05771501	-0.05946738
-0.06040478	-0.06493980
-0.06332462	-0.06931776
-0.06712887	-0.06603432
-0.07221717	-0.07150674
-0.07855968	-0.07296610
-0.08576585	-0.06968260
-0.09328009	-0.08464062
-0.10055828	-0.10397667
-0.10717094	-0.11382705
-0.11284672	-0.11856985
-0.11748111	-0.12550163
-0.12113003	-0.12185335
-0.12399779	-0.11674571
-0.12640640	-0.11747539
-0.12872703	-0.12696099
-0.13127697	-0.13389271
-0.13424326	-0.13754106
-0.13769689	-0.14118934
-0.14169815	-0.14301348
-0.14643614	-0.14812112
-0.15234479	-0.15797156
-0.16014166	-0.17037576
-0.17070983	-0.18533385
-0.18479614	-0.19700837
-0.20262165	-0.20758849
-0.22358355	-0.21634442
-0.24618368	-0.24151772
-0.26821852	-0.27289313
-0.28718770	-0.29952574
-0.30082616	-0.31411892
-0.30763799	-0.32287484
-0.30726036	-0.31010580
-0.30051109	-0.28748631
-0.28912476	-0.26742065
-0.27534625	-0.25757021
-0.26156887	-0.24954396
-0.25006494	-0.24407148
-0.24265541	-0.23859906
-0.24018340	-0.23896390
-0.24205105	-0.23896390
-0.24639480	-0.24626046
-0.25102466	-0.25209779
-0.25443527	-0.25538123
-0.25612399	-0.25684059
-0.25620574	-0.25209779
-0.25483456	-0.24334186
-0.25182775	-0.23750454
-0.24661006	-0.23349142
-0.23855753	-0.22911346
-0.22804137	-0.22874862
-0.21789585	-0.23057276
-0.21129726	-0.21999270
-0.20549744	-0.20758849
-0.19496976	-0.18679315
-0.17910366	-0.16526812
-0.16104352	-0.13571692
-0.14274369	-0.12039399
-0.12442787	-0.10361183
-0.10858037	-0.09522074
-0.09993887	-0.09157240
-0.10015042	-0.10324699
-0.10591118	-0.10470629
-0.11242284	-0.11200291
-0.11708702	-0.11856985
-0.11911856	-0.12075883
-0.11822394	-0.11054361
-0.11710496	-0.11017877
-0.12191984	-0.13170373
-0.13671181	-0.15067494
-0.15671997	-0.16052538
-0.17091931	-0.17110544
-0.17337516	-0.17730755
-0.16754495	-0.16052538
-0.15984918	-0.14629698
-0.15382683	-0.14483768
-0.14998461	-0.14848596
-0.14807573	-0.15432322
-0.14825316	-0.15468806
-0.15069894	-0.16271436
-0.15510984	-0.16344398
-0.16084565	-0.16490334
-0.16732429	-0.16855162
-0.17410950	-0.17584825
-0.18072812	-0.17949653
-0.18652120	-0.18898213
-0.19070311	-0.19445455
-0.19263020	-0.19408977
-0.19210772	-0.19408977
-0.18948878	-0.18752283
-0.18549286	-0.18022621
-0.18091437	-0.17256474
-0.17642817	-0.17147028
-0.17255054	-0.16891646
-0.16968726	-0.16964614
-0.16817719	-0.16855162
-0.16827060	-0.16672748
-0.17005880	-0.16380882
-0.17341919	-0.16855162
-0.17803030	-0.17767239
-0.18345106	-0.18715799
-0.18921974	-0.19773805
-0.19492726	-0.20612913
-0.20025411	-0.21014225
-0.20497900	-0.20941263
-0.20896965	-0.20831811
-0.21216631	-0.20831811
-0.21456102	-0.21123677
-0.21617569	-0.21269608
-0.21704178	-0.21306092
-0.21718584	-0.21306092
-0.21662392	-0.21488506
-0.21536462	-0.21524990
-0.21342011	-0.21452028
-0.21081878	-0.21233130
-0.20761617	-0.20941263
-0.20389867	-0.20430499
-0.19978119	-0.19773805
-0.19539970	-0.19080627
-0.19090343	-0.18752283
-0.18645048	-0.18314487
-0.18220355	-0.17876685
-0.17833035	-0.17584825
-0.17499848	-0.17147028
-0.17236589	-0.16526812
-0.17056623	-0.16453850
