0.00075244	0.00000000
0.00021637	0.00000000
0.00174247	-0.00293601
-0.01123644	-0.00587201
-0.01356132	-0.01174396
-0.00975250	-0.01174396
-0.01112588	-0.01565862
-0.01581566	-0.02055198
-0.02089046	-0.02524954
-0.02386130	-0.02759838
-0.02345531	-0.02348799
-0.01986141	-0.01859462
-0.01413803	-0.01174396
-0.00765206	-0.00606775
-0.00189189	0.00019574
0.00163694	0.00019574
0.00168143	-0.00489330
-0.00244175	-0.01017809
-0.01052813	-0.01585436
-0.02110940	-0.02172637
-0.03152530	-0.02916420
-0.03911309	-0.03758073
-0.04265460	-0.04403991
-0.04251160	-0.04697591
-0.03980468	-0.04403991
-0.03569575	-0.03758073
-0.03104745	-0.02505380
-0.02635966	-0.01722449
-0.02183460	-0.01409280
-0.01746447	-0.01722449
-0.01309375	-0.02153063
-0.00847135	-0.02877277
-0.00331996	-0.02192211
0.00256010	-0.01154822
0.00916209	-0.00254452
0.01617560	0.01546288
0.02300716	0.03151298
0.02896171	0.03542769
0.03350332	0.03444898
0.03643039	0.04227829
0.03786486	0.03738499
0.03810634	0.03151298
0.03746732	0.02857697
0.03617486	0.03249168
0.03434789	0.03249168
0.03201489	0.03542769
0.02913286	0.03347039
0.02561650	0.02955568
0.02143976	0.02172637
0.01682759	0.01487565
0.01238154	0.00411034
0.00893647	0.00704634
0.00716666	0.00802505
0.00719013	0.00802505
0.00843874	0.00704634
0.00987654	0.00900376
0.01042199	0.00802505
0.00933853	0.00802505
0.00646451	0.00802505
0.00228787	0.00606775
-0.00209155	0.00411034
-0.00510890	-0.00176162
-0.00501337	-0.00176162
-0.00028326	-0.00176162
0.00993233	-0.00176162
0.02554999	0.01487565
0.04559883	0.04815030
0.06847379	0.07751024
0.09221747	0.10491288
0.11470540	0.13329422
0.13373026	0.14797413
0.14713685	0.14601684
0.15333681	0.14699554
0.15240344	0.14601684
0.14715232	0.14210212
0.14272971	0.14503813
0.14413236	0.15188885
0.15365700	0.16167545
0.17050590	0.18516338
0.19209637	0.20963001
0.21539205	0.22724605
0.23753081	0.23996866
0.25599426	0.25366998
0.26885119	0.25464869
0.27538833	0.26737130
0.27659377	0.27422202
0.27447972	0.28792322
0.27067634	0.27715790
0.26580012	0.27324331
0.25985157	0.25562727
0.25278577	0.24290466
0.24474202	0.22431004
0.23601222	0.22333133
0.22695936	0.21452343
0.21798407	0.21060872
0.20953274	0.20277941
0.20210816	0.20375812
0.19625737	0.20473671
0.19251318	0.20571542
0.19127138	0.19886470
0.19260396	0.19690740
0.19611989	0.18809938
0.20106520	0.18712080
0.20652771	0.19103539
0.21132894	0.19984341
0.21412936	0.21158743
0.21420795	0.22137403
0.21195644	0.21648073
0.20860793	0.20963001
0.20569688	0.20571542
0.20464353	0.19690740
0.20653065	0.19984341
0.21202047	0.20865142
0.22132756	0.22724605
0.23410858	0.24192595
0.24920197	0.26052070
0.26447040	0.27030730
0.27723253	0.27715790
0.28536159	0.27911532
0.28830642	0.28205132
0.28720936	0.28400862
0.28410211	0.28792322
0.28076759	0.28498733
0.27796564	0.28400862
0.27551708	0.28400862
0.27312240	0.28009391
0.27113363	0.27617931
0.27059254	0.28596592
0.27261725	0.28988063
0.27773246	0.28988063
0.28555891	0.29183793
0.29487884	0.29868853
0.30393764	0.30064595
0.31086540	0.30651796
0.31411701	0.31630456
0.31279668	0.31532586
0.30677524	0.30749655
0.29661295	0.29770994
0.28339320	0.27813661
0.26856288	0.26052070
0.25378630	0.25171268
0.24075942	0.24681938
0.23095261	0.23409665
0.22534256	0.22626734
0.22424169	0.21941674
0.22729026	0.22039533
0.23360477	0.22724605
0.24202077	0.24192595
0.25134781	0.26052070
0.26057878	0.27422202
0.26901242	0.27911532
0.27628633	0.27617931
0.28233248	0.28009391
0.28728828	0.28009391
0.29139486	0.28498733
0.29490951	0.29183793
0.29804376	0.29575264
0.30093232	0.29966724
0.30362615	0.30358195
0.30610928	0.30358195
0.30832878	0.30651796
0.31022707	0.31532586
0.31177670	0.32217658
0.31300190	0.33196318
0.31398973	0.33587790
0.31488046	0.33881390
0.31584203	0.33098459
0.31702933	0.32706988
0.31854093	0.31630456
0.32038462	0.31043255
0.32246479	0.30260324
0.32459795	0.31043255
0.32655475	0.31043255
0.32811561	0.31532586
0.32912728	0.32021928
0.32953510	0.33196318
0.32938531	0.33000588
0.32879320	0.33196318
0.32789138	0.33196318
0.32678309	0.33392048
0.32551670	0.33294189
0.32409403	0.33196318
0.32249770	0.32609117
0.32072404	0.32413387
0.31880569	0.32217658
0.31681752	0.32021928
0.31486908	0.31924057
0.31309214	0.32119787
0.31162870	0.32021928
0.31062412	0.31532586
0.31022722	0.30358195
0.31059495	0.29868853
0.31189966	0.29673123
0.31433779	0.30064595
0.31813005	0.31630456
0.32349932	0.33392048
0.33059707	0.34860051
0.33934680	0.36132312
0.34922314	0.36817384
0.35915047	0.36425912
0.36789608	0.36817384
0.37518868	0.37893915
0.38322246	0.39166176
0.39651233	0.40927780
0.41688639	0.43472302
0.43949744	0.45331764
0.45885429	0.46604037
0.47365174	0.48072028
0.48404244	0.49050701
0.49073732	0.49540031
0.49533191	0.50420821
0.49960610	0.51497352
0.50449252	0.51986694
0.50988483	0.52573884
0.51512998	0.52671754
0.51956242	0.52182424
0.52278310	0.51986694
0.52469563	0.52182424
0.52540845	0.52378154
0.52509922	0.52965355
0.52390850	0.53454685
0.52189726	0.53454685
0.51906592	0.53356826
0.51541626	0.53063226
0.51101851	0.51595223
0.50604773	0.51203763
0.50076580	0.50225091
0.49546251	0.48757100
0.49038473	0.47582698
0.48569560	0.47582698
0.48147339	0.47093368
0.47774571	0.47093368
0.47452521	0.47289097
0.47182783	0.47484827
0.46966842	0.47582698
0.46803692	0.47386968
0.46687523	0.46799767
0.46606559	0.46016836
0.46543804	0.45429635
0.46479747	0.46114695
0.46396226	0.46799767
