0.00040034	0.00000000
-0.00288278	-0.00345379
0.00051859	0.00026572
0.01247473	0.01168966
0.02528861	0.02098835
0.04278310	0.03878856
0.06739685	0.06695008
0.10003810	0.10015941
0.13636874	0.13150907
0.16827594	0.16471839
0.18941097	0.19208288
0.19891290	0.19686508
0.20057347	0.19606805
0.19923536	0.19686508
0.19794913	0.19925606
0.19738854	0.19633365
0.19688222	0.19819343
0.19600685	0.19978750
0.19583158	0.20005310
0.19880356	0.20589793
0.20704286	0.21466529
0.22068614	0.21891606
0.23800008	0.23060572
0.25680092	0.26036131
0.27563873	0.27736449
0.29397827	0.29410207
0.31154349	0.31854415
0.32748404	0.33846974
0.34015781	0.34511161
0.34782186	0.34378326
0.34960464	0.34697127
0.34583497	0.34564292
0.33748674	0.33820403
0.32538947	0.32518601
0.31015852	0.30791712
0.29290369	0.29091394
0.27544755	0.26939428
0.25977835	0.25956428
0.24728376	0.24867165
0.23793708	0.24229538
0.23112489	0.23034012
0.22805098	0.23326254
0.23095912	0.22794902
0.23973416	0.22555792
0.25335500	0.25053132
0.27102414	0.27816153
0.29011244	0.29410207
0.30644038	0.30738580
0.31642160	0.32571733
0.31850630	0.32252920
0.31333497	0.31137085
0.30307165	0.30340064
0.29050711	0.29675877
0.27826110	0.27417636
0.26820654	0.25664186
0.26123500	0.25531352
0.25742784	0.25292242
0.25643873	0.25504780
0.25780064	0.26886296
0.26102930	0.27656746
0.26560166	0.27683318
0.27092424	0.27577043
0.27633908	0.27098835
0.28114602	0.26886296
0.28462473	0.27523911
0.28606179	0.27842724
0.28480867	0.28480339
0.28036717	0.28852284
0.27249455	0.27763021
0.26134625	0.26301801
0.24769475	0.24946868
0.23309791	0.23140275
0.21963112	0.21147716
0.20906849	0.20456958
0.20215498	0.19766212
0.19858131	0.19527102
0.19746439	0.19686508
0.19782189	0.20510101
0.19879447	0.20935178
0.19966872	0.20961738
0.19982339	0.20749199
0.19867791	0.19739640
0.19566666	0.18862915
0.19023769	0.17481399
0.18187597	0.16817212
0.17016277	0.16153026
0.15488777	0.14718390
0.13623402	0.12672687
0.11503579	0.10626996
0.09303710	0.08289051
0.07287109	0.06057382
0.05729266	0.04968119
0.04778606	0.04197657
0.04383354	0.03878856
0.04365259	0.04622746
0.04540993	0.04516470
0.04784772	0.04410207
0.05031620	0.04516470
0.05256854	0.04675877
0.05454114	0.03772581
0.05620535	0.04117954
0.05750662	0.04649305
0.05836640	0.05552602
0.05871271	0.06535602
0.05851193	0.07252920
0.05778615	0.07279491
0.05661249	0.07359195
0.05510862	0.07066953
0.05341277	0.06296492
0.05166383	0.06083953
0.04998615	0.06110525
0.04848085	0.06110525
0.04722226	0.06110525
0.04625887	0.06296492
0.04561691	0.05871415
0.04530407	0.05366635
0.04531486	0.04782152
0.04563414	0.04489899
0.04624102	0.04622746
0.04711159	0.05100954
0.04822153	0.05419767
0.04954809	0.06190228
0.05107088	0.05897975
0.05277281	0.04994690
0.05463962	0.04091394
0.05665785	0.04038262
0.05881114	0.03772581
0.06107384	0.04171097
0.06340291	0.05286932
0.06572708	0.06163657
0.06793521	0.06323063
0.06986587	0.06721568
0.07130027	0.07784271
0.07196158	0.08660996
0.07152183	0.09404886
0.06961785	0.09617424
0.06587781	0.09032941
0.05995578	0.07066953
0.05157514	0.05100954
0.04057971	0.03241229
0.02699121	0.01700318
0.01106388	0.00371945
-0.00668768	-0.01620615
-0.02549265	-0.04091394
-0.04430360	-0.06083953
-0.06163569	-0.07571733
-0.07519038	-0.08182782
-0.08162931	-0.07093519
-0.07797103	-0.05871415
-0.06544234	-0.05127525
-0.05051659	-0.04303932
-0.03954400	-0.03852284
-0.03439467	-0.03692877
-0.03358133	-0.03161532
-0.03492987	-0.02550477
-0.03679003	-0.02630180
-0.03827243	-0.03480339
-0.03912140	-0.04277366
-0.03947033	-0.04968119
-0.03959101	-0.05658871
-0.03968564	-0.05818278
-0.03975369	-0.04994684
-0.03955063	-0.04091394
-0.03864820	-0.03613180
-0.03657228	-0.02842718
-0.03294457	-0.02470773
-0.02757029	-0.02417642
-0.02046302	-0.01806587
-0.01183599	-0.00611055
-0.00209665	0.00611055
0.00813431	0.01992559
0.01801095	0.03400636
0.02654785	0.03878856
0.03285354	0.03958559
0.03643099	0.04038262
0.03736342	0.04064822
0.03626919	0.03560042
0.03405563	0.03400636
0.03161626	0.03320932
0.02961230	0.03002131
0.02839734	0.02763021
0.02805921	0.02789581
0.02851138	0.02577043
0.02958208	0.02311373
0.03107472	0.02258241
0.03279802	0.01886296
0.03457410	0.01912856
0.03623573	0.02709877
0.03762085	0.03799152
0.03857072	0.04357064
0.03893317	0.04994690
0.03857128	0.05127525
0.03737951	0.04330504
0.03530516	0.03320932
0.03237305	0.02497339
0.02870949	0.01859725
0.02455485	0.01487780
0.02025056	0.01753449
0.01619566	0.01780021
0.01277935	0.01726890
0.01031927	0.01700318
0.00902555	0.01408076
0.00899561	0.00983000
0.01022470	0.00850165
0.01261894	0.01089263
0.01600729	0.01753449
0.02015435	0.02470779
0.02477597	0.03294373
0.02955871	0.04011691
0.03418140	0.04277360
0.03833896	0.04569602
0.04176661	0.05499470
0.04426669	0.05977678
0.04573345	0.06030822
0.04617548	0.05844843
0.04572546	0.05446339
0.04463087	0.05100954
0.04321957	0.04755580
0.04184187	0.04861844
0.04080459	0.05340064
0.04031687	0.05366635
0.04047074	0.04941547
0.04125791	0.04569602
0.04261695	0.04011691
0.04448368	0.03958559
0.04682465	0.04463339
0.04964398	0.04941547
0.05296001	0.05791712
0.05676620	0.06880975
0.06098934	0.07624865
0.06546624	0.07996809
0.06994812	0.08368754
0.07413641	0.08448458
0.07773969	0.08448458
0.08053441	0.08289051
0.08240527	0.08209348
0.08335078	0.08156216
0.08345552	0.08235919
0.08284524	0.08581293
0.08164963	0.08554733
0.07998346	0.08740699
