0.00048725	0.00000000
-0.00231015	-0.00749713
-0.01595636	-0.01239908
-0.02369217	-0.02249134
-0.02521775	-0.02998847
-0.02728401	-0.03460211
-0.02765603	-0.02970010
-0.02680246	-0.02768165
-0.02451144	-0.02393311
-0.02136977	-0.01787776
-0.01819686	-0.01614761
-0.01578845	-0.01931947
-0.01463474	-0.01845443
-0.01466836	-0.02076125
-0.01514293	-0.01989621
-0.01487897	-0.01816607
-0.01285206	-0.01268744
-0.00870909	-0.01066899
-0.00289251	-0.00201845
0.00360678	0.00259519
0.00970735	0.00951552
0.01467775	0.01268744
0.01834302	0.01614761
0.02101450	0.01903117
0.02327256	0.02652824
0.02572946	0.02768171
0.02883722	0.03171861
0.03276199	0.03489041
0.03734311	0.03892732
0.04214241	0.03806233
0.04655993	0.04094577
0.04996265	0.04555941
0.05180156	0.05017304
0.05172977	0.04844296
0.04971260	0.04959631
0.04604693	0.04873121
0.04123251	0.04527104
0.03577699	0.04065740
0.03009634	0.03517878
0.02457652	0.02623987
0.01969063	0.02047288
0.01601166	0.01384079
0.01406182	0.00432527
0.01409531	0.00230682
0.01597006	0.00807381
0.01918467	0.01585925
0.02302484	0.02422142
0.02672866	0.03690886
0.02961596	0.03892732
0.03117408	0.03662050
0.03110968	0.02970016
0.02937137	0.02393305
0.02614422	0.01672435
0.02180781	0.01441753
0.01684548	0.00893891
0.01168875	0.00692046
0.00653684	0.00000000
0.00135511	-0.00230682
-0.00369040	-0.00230682
-0.00788111	-0.00201845
-0.01055540	-0.00432527
-0.01164421	-0.00605536
-0.01127980	-0.00807381
-0.00975226	-0.01441753
-0.00786969	-0.01412916
-0.00684483	-0.01297575
-0.00765943	-0.00865054
-0.01042993	-0.00807381
-0.01447214	-0.00432527
-0.01900919	-0.00951558
-0.02339171	-0.01643598
-0.02669583	-0.02076125
-0.02799089	-0.02335638
-0.02722509	-0.02191466
-0.02524522	-0.01701272
-0.02276026	-0.00865054
-0.01960049	-0.00720876
-0.01502260	-0.00519031
-0.00874108	-0.00663209
-0.00214273	-0.00432527
0.00148858	-0.00634372
-0.00133237	-0.00951558
-0.01218848	-0.01412916
-0.03005315	-0.03056514
-0.05183257	-0.05392158
-0.07353334	-0.07352942
-0.09173471	-0.09083045
-0.10476363	-0.11303347
-0.11282596	-0.12053055
-0.11721364	-0.12254900
-0.11939605	-0.12687427
-0.12048237	-0.12946945
-0.12107722	-0.12341410
-0.12137574	-0.12139559
-0.12134366	-0.11707038
-0.12087680	-0.11447519
-0.11989547	-0.10986161
-0.11838396	-0.11043829
-0.11639620	-0.10467130
-0.11404988	-0.10063440
-0.11151376	-0.10092270
-0.10898991	-0.10524797
-0.10668883	-0.10236448
-0.10480371	-0.10611302
-0.10348850	-0.11159170
-0.10284363	-0.10899651
-0.10290946	-0.10351789
-0.10366034	-0.10524797
-0.10500363	-0.10640138
-0.10681072	-0.10870820
-0.10900000	-0.11447519
-0.11163507	-0.11793542
-0.11494899	-0.12081891
-0.11924691	-0.12600923
-0.12474205	-0.12773931
-0.13142762	-0.12918109
-0.13905606	-0.13465977
-0.14723881	-0.13927335
-0.15562698	-0.14590544
-0.16406621	-0.16551328
-0.17260957	-0.17877740
-0.18137172	-0.19117647
-0.19034167	-0.20213377
-0.19928758	-0.21164936
-0.20780161	-0.21510959
-0.21545224	-0.22029990
-0.22195785	-0.22520185
-0.22723675	-0.23298728
-0.23122998	-0.23385239
-0.23366763	-0.23241061
-0.23417048	-0.23327565
-0.23259985	-0.22981548
-0.22915068	-0.22722030
-0.22421053	-0.22606689
-0.21831004	-0.22116494
-0.21217681	-0.21712804
-0.20672135	-0.21597463
-0.20287202	-0.21136099
-0.20132008	-0.20905423
-0.20230655	-0.20472896
-0.20555083	-0.20386392
-0.21032450	-0.20703578
-0.21562500	-0.21193773
-0.22048326	-0.21828145
-0.22446531	-0.23183393
-0.22822841	-0.23615915
-0.23370042	-0.24048442
-0.24332155	-0.25504613
-0.25812384	-0.26340830
-0.27580941	-0.27220303
-0.29167852	-0.28517878
-0.30248508	-0.29700118
-0.30829141	-0.30132639
-0.31103879	-0.30694926
-0.31277949	-0.30565166
-0.31483597	-0.30810267
-0.31754547	-0.30983275
-0.32035086	-0.30925608
-0.32223597	-0.31113034
-0.32235944	-0.31574392
-0.32051250	-0.31559974
-0.31713158	-0.31386966
-0.31296203	-0.31242794
-0.30867150	-0.30983275
-0.30462405	-0.30723763
-0.30083439	-0.30493081
-0.29705143	-0.30060554
-0.29291448	-0.29181087
-0.28813866	-0.28373700
-0.28265908	-0.27220303
-0.27665734	-0.26384085
-0.27045989	-0.25432527
-0.26440880	-0.25346023
-0.25881740	-0.25317186
-0.25401005	-0.25519031
-0.25034788	-0.25692040
-0.24817665	-0.25836217
-0.24772583	-0.25807381
-0.24903129	-0.25519031
-0.25192186	-0.25461364
-0.25605747	-0.25173008
-0.26096603	-0.25749713
-0.26604500	-0.26340830
-0.27054498	-0.27032870
-0.27360284	-0.27407730
-0.27439138	-0.28272778
-0.27236661	-0.27840257
-0.26750189	-0.26672435
-0.26038131	-0.25634372
-0.25210664	-0.24653977
-0.24404775	-0.23298728
-0.23752293	-0.23212224
-0.23349975	-0.23269898
-0.23236896	-0.23241061
-0.23384152	-0.23558247
-0.23718335	-0.24048442
-0.24192111	-0.24019605
-0.24833830	-0.24480969
-0.25670874	-0.24971163
-0.26581794	-0.25461364
-0.27282080	-0.25893885
-0.27520618	-0.26614761
-0.27253091	-0.26441753
-0.26592419	-0.26297575
-0.25692397	-0.26124567
-0.24700041	-0.24971163
-0.23744252	-0.23731256
-0.22924452	-0.22808534
-0.22298817	-0.22001153
-0.21880516	-0.21568626
-0.21644662	-0.21424454
-0.21542652	-0.21193773
-0.21518369	-0.21280277
-0.21521188	-0.21683967
-0.21512990	-0.21424454
-0.21468386	-0.21510959
-0.21370164	-0.21539789
-0.21203020	-0.21655130
-0.20950456	-0.20588237
-0.20600080	-0.19636679
-0.20158544	-0.19348329
-0.19667105	-0.18742794
-0.19201361	-0.18396771
-0.18850763	-0.18944639
-0.18692012	-0.19348329
-0.18769012	-0.19290656
-0.19071050	-0.19636679
-0.19501117	-0.19809687
-0.19859453	-0.20069206
-0.19896044	-0.19002306
-0.19444716	-0.18137252
-0.18557265	-0.17906576
-0.17529760	-0.17185700
-0.16789986	-0.16089964
-0.16701876	-0.16695499
-0.17387210	-0.17877740
-0.18664083	-0.18454438
-0.20140673	-0.19348329
-0.21404935	-0.20472896
-0.22189230	-0.21799308
-0.22413710	-0.22520185
