-0.00032131	0.00000000
-0.00108243	-0.00025648
0.00365769	0.00205183
0.00909101	0.00487304
0.00888239	0.00615537
0.01342391	0.01179790
0.01989438	0.01897919
0.02698003	0.02692997
0.03390171	0.03641963
0.04035361	0.04231858
0.04630254	0.04642212
0.05181603	0.04616570
0.05693738	0.04847395
0.06170778	0.05026925
0.06624390	0.05847657
0.07076187	0.06694019
0.07549499	0.07566047
0.08057378	0.07976401
0.08600940	0.08489358
0.09183030	0.09361374
0.09821542	0.10233390
0.10546203	0.11028469
0.11382715	0.11926138
0.12335779	0.12362146
0.13379516	0.12413442
0.14457269	0.13388050
0.15490772	0.14619136
0.16400431	0.16055393
0.17138900	0.17594254
0.17730014	0.18825340
0.18282826	0.19030523
0.18945259	0.19517827
0.19809605	0.19928181
0.20841680	0.20748913
0.21890476	0.21595275
0.22762883	0.22723770
0.23306838	0.22954607
0.23458861	0.23339319
0.23241745	0.23364961
0.22723888	0.23364961
0.21968833	0.21903050
0.21011573	0.21184921
0.19881986	0.19184411
0.18649791	0.17363429
0.17441206	0.16311872
0.16413468	0.16209280
0.15714881	0.15798926
0.15451150	0.16619647
0.15654446	0.17004359
0.16249715	0.16363168
0.17037338	0.17286479
0.17726411	0.17645550
0.18023919	0.17722487
0.17737685	0.17260838
0.16845782	0.16927421
0.15514547	0.14901257
0.14067614	0.13670170
0.12910956	0.12721205
0.12422811	0.12721205
0.12835336	0.13182867
0.14151968	0.15209031
0.16129704	0.17158246
0.18358617	0.18722749
0.20436315	0.20184660
0.22078557	0.22210824
0.23093288	0.23082840
0.23345700	0.23236728
0.22801511	0.23108494
0.21636797	0.22236466
0.20204039	0.20364201
0.18870091	0.18363678
0.17907539	0.17414725
0.17460863	0.17363429
0.17525536	0.17978966
0.17936811	0.18261087
0.18407835	0.18953574
0.18625699	0.19440877
0.18373847	0.19158757
0.17634249	0.18132854
0.16595607	0.17568612
0.15504400	0.16901767
0.14460599	0.14798665
0.13404290	0.13003337
0.12300383	0.11618364
0.11233313	0.10053861
0.10335165	0.09181845
0.09699751	0.09669149
0.09351312	0.10207748
0.09253539	0.09925628
0.09338380	0.10233390
0.09535280	0.09951270
0.09787180	0.09823036
0.10050200	0.09925628
0.10284187	0.10438573
0.10444614	0.10464227
0.10482185	0.09540904
0.10350350	0.09130549
0.10017325	0.08515000
0.09478237	0.07899463
0.08763084	0.07412159
0.07935373	0.07694280
0.07077640	0.07001793
0.06266933	0.06232369
0.05552658	0.06027186
0.04949458	0.05719411
0.04447725	0.05180812
0.04032295	0.04898691
0.03697629	0.04462683
0.03453413	0.04129267
0.03321353	0.03924084
0.03326861	0.03770196
0.03487238	0.03770196
0.03796864	0.04360092
0.04212355	0.04744804
0.04647884	0.04949987
0.04992112	0.05309057
0.05142643	0.05360353
0.05037388	0.05026925
0.04665846	0.04437029
0.04061197	0.04052317
0.03283837	0.03385484
0.02405246	0.02898180
0.01495550	0.01384974
0.00614841	-0.00461656
-0.00192278	-0.02462173
-0.00899450	-0.03513724
-0.01498549	-0.04103619
-0.01997536	-0.03872788
-0.02416466	-0.03077710
-0.02783096	-0.02333933
-0.03128740	-0.02410877
-0.03485151	-0.02975124
-0.03882612	-0.03616309
-0.04349446	-0.04360092
-0.04913346	-0.05206466
-0.05604403	-0.06565785
-0.06457610	-0.07591689
-0.07505640	-0.09104902
-0.08747651	-0.10130805
-0.10101299	-0.10720700
-0.11394072	-0.10695052
-0.12438786	-0.10951525
-0.13135470	-0.11131060
-0.13505486	-0.11951780
-0.13646919	-0.13259810
-0.13663721	-0.14157474
-0.13614757	-0.14926904
-0.13504496	-0.14798665
-0.13315311	-0.14362657
-0.13050632	-0.13259810
-0.12743251	-0.12798154
-0.12418665	-0.12182611
-0.12042898	-0.11361885
-0.11544596	-0.10515517
-0.10955532	-0.10053861
-0.10425419	-0.08848423
-0.10090344	-0.09104902
-0.10025033	-0.09899974
-0.10243998	-0.10259038
-0.10666014	-0.10977173
-0.11120629	-0.12208259
-0.11421111	-0.11977428
-0.11431462	-0.11131060
-0.11092967	-0.10412925
-0.10426030	-0.09284431
-0.09519770	-0.08309823
-0.08505915	-0.07771224
-0.07519806	-0.07130033
-0.06665530	-0.06463194
-0.06001558	-0.05822003
-0.05545600	-0.05283403
-0.05284791	-0.04103619
-0.05182600	-0.03667605
-0.05186444	-0.03718901
-0.05242267	-0.04052323
-0.05312039	-0.03924084
-0.05385964	-0.04949987
-0.05484365	-0.05796361
-0.05649728	-0.06437546
-0.05930781	-0.06924850
-0.06361540	-0.07437807
-0.06940019	-0.07463449
-0.07616204	-0.07514745
-0.08302055	-0.08207232
-0.08907450	-0.08720183
-0.09379140	-0.09181839
-0.09701406	-0.09592205
-0.09848011	-0.10156453
-0.09744359	-0.10002565
-0.09337355	-0.09387022
-0.08737328	-0.09130543
-0.08202811	-0.08617592
-0.07963181	-0.08130288
-0.08106457	-0.08181584
-0.08585830	-0.09130543
-0.09272569	-0.09874326
-0.10007491	-0.10720700
-0.10640437	-0.11413181
-0.11059560	-0.11797899
-0.11212692	-0.11669660
-0.11119281	-0.11464477
-0.10864316	-0.11208004
-0.10565528	-0.10900229
-0.10322846	-0.10412925
-0.10179259	-0.09951270
-0.10116892	-0.09540910
-0.10083564	-0.09207487
-0.10026617	-0.09258783
-0.09914181	-0.08925366
-0.09739579	-0.09463966
-0.09514306	-0.09540910
-0.09257902	-0.09797382
-0.08989756	-0.09592205
-0.08724625	-0.09104902
-0.08471502	-0.07925111
-0.08234337	-0.07360864
-0.08013338	-0.06924850
-0.07806386	-0.06796616
-0.07609931	-0.07232624
-0.07419674	-0.07283920
-0.07230984	-0.07130033
-0.07039355	-0.06873560
-0.06840885	-0.06411898
-0.06632839	-0.05873299
-0.06414529	-0.05975890
-0.06188164	-0.05898947
-0.05959776	-0.05232114
-0.05740084	-0.04667866
-0.05544883	-0.04616570
-0.05395101	-0.04642218
-0.05315789	-0.04616570
-0.05334397	-0.04949987
-0.05477630	-0.05591178
-0.05767164	-0.06334960
-0.06213277	-0.06694025
-0.06806113	-0.07463449
-0.07503991	-0.08284175
-0.08219887	-0.08617592
-0.08811374	-0.08540654
-0.09085210	-0.08335471
-0.08833834	-0.07925111
