0.00101528	0.00000000
-0.01330407	-0.00919819
-0.00909914	-0.01039791
0.00443970	-0.00739855
-0.00932343	-0.00659865
-0.01308502	-0.00519896
-0.00852729	-0.00419915
-0.00733594	-0.00859827
-0.01022272	-0.01579684
-0.01518185	-0.01779646
-0.02153791	-0.02319539
-0.02973272	-0.02939415
-0.04040690	-0.03899223
-0.05397235	-0.05398923
-0.07104461	-0.07098579
-0.09202735	-0.09618074
-0.11575602	-0.12497503
-0.13978969	-0.14637071
-0.16169931	-0.16616678
-0.17966695	-0.18296343
-0.19259690	-0.19216156
-0.19997112	-0.19376123
-0.20163633	-0.20135975
-0.19783793	-0.19416118
-0.18953703	-0.18836230
-0.17854692	-0.17876422
-0.16706927	-0.17096579
-0.15689562	-0.15616876
-0.14891721	-0.15116978
-0.14316504	-0.14617079
-0.13914542	-0.14337134
-0.13618053	-0.13617277
-0.13363110	-0.13317335
-0.13100563	-0.12817436
-0.12799840	-0.13017398
-0.12449469	-0.12697458
-0.12055717	-0.12677467
-0.11638533	-0.12177563
-0.11224301	-0.11817634
-0.10836019	-0.10777843
-0.10484479	-0.10657871
-0.10164689	-0.10037994
-0.09859528	-0.09898019
-0.09548678	-0.09478104
-0.09218554	-0.09198159
-0.08869122	-0.08478302
-0.08516078	-0.08858228
-0.08188139	-0.08578283
-0.07920896	-0.08598280
-0.07748164	-0.08778244
-0.07692076	-0.08838230
-0.07752864	-0.07858425
-0.07900058	-0.07978404
-0.08067758	-0.08138371
-0.08158098	-0.07638472
-0.08056973	-0.07558489
-0.07667272	-0.07798439
-0.06962730	-0.07158566
-0.06043328	-0.06058788
-0.05130443	-0.05638874
-0.04457583	-0.04919016
-0.04146631	-0.04799038
-0.04190300	-0.04999000
-0.04508643	-0.05018997
-0.04994561	-0.05218959
-0.05531342	-0.05538893
-0.06000452	-0.05438912
-0.06289840	-0.05278945
-0.06302546	-0.05918819
-0.05960843	-0.05978805
-0.05204652	-0.06238753
-0.03986470	-0.05518895
-0.02269244	-0.02959406
-0.00038150	0.00799835
0.02668916	0.04239154
0.05724767	0.07738447
0.08895609	0.10977805
0.11870990	0.12577486
0.14356463	0.13497305
0.16178764	0.14657068
0.17321961	0.16416717
0.17904525	0.17496502
0.18157999	0.18456304
0.18407975	0.19216156
0.19018656	0.20215952
0.20275098	0.21455705
0.22203976	0.22295547
0.24424674	0.24015200
0.26310813	0.26134777
0.27518398	0.27934408
0.28210923	0.29134178
0.28706715	0.29734051
0.29117700	0.28974199
0.29323781	0.28334332
0.29281586	0.28134370
0.29225644	0.28494298
0.29416350	0.29694057
0.29869401	0.30973804
0.30438587	0.31773651
0.31007835	0.31693661
0.31555498	0.31373727
0.32119241	0.31253755
0.32745588	0.32613480
0.33454028	0.34653068
0.34218538	0.35572886
0.34971732	0.36572683
0.35626456	0.37372530
0.36099258	0.36972606
0.36324233	0.35892820
0.36255211	0.35692859
0.35861990	0.35732853
0.35128763	0.35092986
0.34058353	0.33853233
0.32679227	0.31813633
0.31051859	0.30773842
0.29272225	0.28494298
0.27471772	0.26734650
0.25810152	0.25214958
0.24454293	0.24335134
0.23540916	0.23455310
0.23137112	0.23775244
0.23225661	0.23815238
0.23726669	0.23735249
0.24535097	0.23855233
0.25539759	0.25374925
0.26616988	0.26694655
0.27632579	0.27774441
0.28474849	0.29374123
0.29087886	0.30853832
0.29463238	0.29974008
0.29594937	0.28574288
0.29448536	0.28334332
0.28985682	0.27934408
0.28235552	0.26894617
0.27359566	0.26814640
0.26645860	0.26654673
0.26401058	0.27214563
0.26782319	0.27174568
0.27676004	0.27814436
0.28704637	0.28134370
0.29382786	0.28974199
0.29501244	0.29614079
0.29585624	0.30693865
0.30470967	0.31893623
0.32210055	0.33733249
0.34368983	0.36012793
0.36858109	0.37572491
0.39566672	0.40251946
0.41606227	0.43211353
0.41542909	0.40611875
0.38426778	0.35492897
0.32653430	0.29494107
0.26065573	0.22535491
0.20678814	0.16296744
0.17119952	0.14497101
0.14925383	0.14097178
0.13597958	0.13417315
0.12899859	0.13617277
0.12720357	0.13097382
0.12971206	0.13377321
0.13562106	0.13617277
0.14406200	0.15016997
0.15427946	0.15896821
0.16565476	0.17416513
0.17768766	0.18776250
0.18996401	0.20415914
0.20213540	0.22495496
0.21391164	0.23495305
0.22506668	0.23815238
0.23544584	0.23815238
0.24497087	0.23735249
0.25363073	0.24255145
0.26146284	0.25534892
0.26853004	0.26054788
0.27491143	0.27054584
0.28070042	0.28574288
0.28598139	0.28774250
0.29077932	0.29214156
0.29503259	0.29654074
0.29862967	0.30133975
0.30147949	0.30133975
0.30355838	0.30373931
0.30489931	0.30213952
0.30554190	0.30453908
0.30547133	0.30493903
0.30457589	0.30453908
0.30264249	0.30173969
0.29939145	0.30213952
0.29455683	0.30173969
0.28800899	0.29254150
0.27990887	0.28214359
0.27084115	0.27094579
0.26186773	0.26014793
0.25459364	0.24815035
0.25179952	0.26734650
0.25914210	0.29174161
0.28373781	0.32093585
0.32264626	0.35532892
0.35997328	0.39372122
0.38886842	0.41211760
0.41229913	0.43171370
0.43384197	0.45250952
0.45550469	0.46610677
0.47758573	0.48810244
0.49812356	0.51969612
0.51356137	0.52809441
0.52219200	0.53169370
0.52564043	0.53929210
0.52651030	0.53409314
0.52662987	0.51089787
0.52634859	0.51289737
0.52473176	0.51609683
0.52050012	0.51329732
0.51291203	0.50369930
0.50211966	0.49050188
0.48902413	0.47250545
0.47489223	0.45530891
0.46097022	0.43651271
0.44823384	0.42491508
0.43729642	0.42291546
0.42843619	0.42251551
0.42168835	0.41731656
0.41695431	0.42131579
0.41409588	0.42131579
0.41300112	0.41891623
0.41361669	0.42091584
0.41594791	0.41851628
0.42003465	0.41171765
0.42591098	0.41651666
0.43356243	0.43211353
0.44289139	0.44251144
0.45370254	0.46130776
0.46571317	0.48690259
0.47858766	0.50049984
0.49199119	0.51009798
0.50564855	0.52209556
0.51939481	0.53329337
0.53320289	0.53609276
0.54717600	0.55248952
0.56149739	0.56728649
0.57634830	0.58128369
