0.00123973	0.00000000
0.01468628	0.01128113
0.03175412	0.03616428
0.06270669	0.06237531
0.09338282	0.07896471
0.11158933	0.11446595
0.13279139	0.13968229
0.16020839	0.15660322
0.18885757	0.18347740
0.21425937	0.21566141
0.23754622	0.23689580
0.25935507	0.25713384
0.27657425	0.27670872
0.28551778	0.28500438
0.28464279	0.27936292
0.27546152	0.26376998
0.26139244	0.25215721
0.24632056	0.24319851
0.23430084	0.23490489
0.22940271	0.24021292
0.23416363	0.24120760
0.24793871	0.23656428
0.26740733	0.25713384
0.28867969	0.28135574
0.30897018	0.30159378
0.32694599	0.32780480
0.34217963	0.35401571
0.35443667	0.36131501
0.36316347	0.36562860
0.36730742	0.36529696
0.36567113	0.36264288
0.35796452	0.36032033
0.34593543	0.34870768
0.33286503	0.33576703
0.32074788	0.31353796
0.30790657	0.30325317
0.29064786	0.28799176
0.26800054	0.26775193
0.24401630	0.24286711
0.22521140	0.23025978
0.21648872	0.21566141
0.21901971	0.22096956
0.23097314	0.23059130
0.24918474	0.25016630
0.27017483	0.27770519
0.29039773	0.29860818
0.30609697	0.30059731
0.31311962	0.30059731
0.30743706	0.29429460
0.28780732	0.27969623
0.25953683	0.25647080
0.23256955	0.24021292
0.21337254	0.22528315
0.20217271	0.20338559
0.19641216	0.18380880
0.19356036	0.18082321
0.19223614	0.17684305
0.19259576	0.18281424
0.19605042	0.19741249
0.20323370	0.21201098
0.21249004	0.21566141
0.22161008	0.22860026
0.22902268	0.23457336
0.23523627	0.23954988
0.24129486	0.24518955
0.24666978	0.25248873
0.24892327	0.24353194
0.24450099	0.22826874
0.23012085	0.21167934
0.20447393	0.20073152
0.16971658	0.15627170
0.13156019	0.11877942
0.09656198	0.08792329
0.06876673	0.06038606
0.04926385	0.02621102
0.03736345	0.02820206
0.03150896	0.03085613
0.02988934	0.03649771
0.03087980	0.04180574
0.03328677	0.04844189
0.03639869	0.05341852
0.03990278	0.05209064
0.04374693	0.04910493
0.04800870	0.03915167
0.05279939	0.03118765
0.05821012	0.03284705
0.06428908	0.04047787
0.07103962	0.04678237
0.07842740	0.06536281
0.08638971	0.08991432
0.09484096	0.10318649
0.10367760	0.11214328
0.11278452	0.12769890
0.12205267	0.13982499
0.13141336	0.14049864
0.14088966	0.14914906
0.15065935	0.16644061
0.16112225	0.17321396
0.17296521	0.16964900
0.18720885	0.17107499
0.20516105	0.17570937
0.22805376	0.21563649
0.25598922	0.26732767
0.28634879	0.31260216
0.31363264	0.35894608
0.33251640	0.38211799
0.34116244	0.35894608
0.34103799	0.33185267
0.33463228	0.31188917
0.32396832	0.29263866
0.31036884	0.29121268
0.29475176	0.28836071
0.27793527	0.27017963
0.26076755	0.25413752
0.24408661	0.23916483
0.22860767	0.21670592
0.21484254	0.19781184
0.20310090	0.18854308
0.19354606	0.18390870
0.18624230	0.17927432
0.18115649	0.18961251
0.17812018	0.20066381
0.17677955	0.19317746
0.17652050	0.18569112
0.17628415	0.17856133
0.17423351	0.16465819
0.16779323	0.15004194
0.15553366	0.14968550
0.14037548	0.14398158
0.12868710	0.13899076
0.12510024	0.13079143
0.13018131	0.12793946
0.14185502	0.13257384
0.15741539	0.15824127
0.17467152	0.18497813
0.19217877	0.20672417
0.20892729	0.23096561
0.22384599	0.24451232
0.23538442	0.23524344
0.24136762	0.23132205
0.23926321	0.22419226
0.22691990	0.21634948
0.20366122	0.19317746
0.17135675	0.16287565
0.13489150	0.11974025
0.10161029	0.09122086
0.08002320	0.06377101
0.07849626	0.07553518
0.10328365	0.13150442
0.15371056	0.19282103
0.21769173	0.25235510
0.27666876	0.30547237
0.31762823	0.34361696
0.33887765	0.34967732
0.34450603	0.33862603
0.34042731	0.32579231
0.33238044	0.30939376
0.32251474	0.30832422
0.30935425	0.30012500
0.29185241	0.29299510
0.27396926	0.28372633
0.26099509	0.27231860
0.25298166	0.24201679
0.24715461	0.22454870
0.24148320	0.22454870
0.23552972	0.22312272
0.22941639	0.21813190
0.22275905	0.21991432
0.21468212	0.21421051
0.20442106	0.20244622
0.19190370	0.18533468
0.17810337	0.17784834
0.16514318	0.17321396
0.15611033	0.17499638
0.15444656	0.17428339
0.16265984	0.18676066
0.18036716	0.19531643
0.20304093	0.20672417
0.22368842	0.21527994
0.23696668	0.22633123
0.24198344	0.23132205
0.24150370	0.23845196
0.23927614	0.23025262
0.23802477	0.22811365
0.23886165	0.22347927
0.24162680	0.22668767
0.24552937	0.23417401
0.24970514	0.24665117
0.25353557	0.25342453
0.25675207	0.26590180
0.25946605	0.26483226
0.26219460	0.26483226
0.26574269	0.26518881
0.27074018	0.27481401
0.27688888	0.27445757
0.28252462	0.27873540
0.28568688	0.27196217
0.28692931	0.29085612
0.29025313	0.29549062
0.29807624	0.29656005
0.30699199	0.30582881
0.31251106	0.32329690
0.31390688	0.31688011
0.31294844	0.31117618
0.31139553	0.31402814
0.30999431	0.30333340
0.30853689	0.29442108
0.30628306	0.27802253
0.30239835	0.27303159
0.29632086	0.26982319
0.28803888	0.26304984
0.27823219	0.26411927
0.26824018	0.27374458
0.25987676	0.26875365
0.25517312	0.25698948
0.25611734	0.25413752
0.26439044	0.25092912
0.28107017	0.27837896
0.30631849	0.31616712
0.33915678	0.37605762
0.37742624	0.43238330
0.41796765	0.47088444
0.45705599	0.49762130
0.49114719	0.51152444
0.51784569	0.52221918
0.53670716	0.53790486
0.54935527	0.55893791
0.55869693	0.56214631
0.56756669	0.58424878
0.57751405	0.59886491
0.58834803	0.60278630
0.59855491	0.62096739
0.60623282	0.63166213
0.61002034	0.62738431
0.60958260	0.61027265
0.60548139	0.60563827
0.59860748	0.58674419
0.58958846	0.55465996
0.57851392	0.54646063
0.56505090	0.54753017
0.54880446	0.55002558
