0.00088906	0.00000000
0.00051856	0.00113118
0.01432832	0.00848413
0.00952093	0.01018095
0.00181414	0.00509048
0.00187282	0.00282800
0.00344382	-0.00226247
0.00335495	-0.00735295
0.00236772	-0.00226247
0.00182133	0.00113118
0.00244384	0.00282800
0.00435917	0.00509048
0.00709914	0.00848413
0.00991918	0.00622177
0.01224841	0.00848413
0.01389800	0.01074660
0.01495959	0.01470590
0.01556908	0.01583707
0.01580595	0.01357472
0.01589878	0.01018095
0.01649295	0.01300907
0.01844613	0.01414025
0.02216490	0.01979637
0.02720924	0.02771497
0.03261118	0.03280544
0.03755178	0.03563344
0.04176192	0.03902709
0.04542442	0.04242086
0.04881753	0.04807687
0.05202548	0.05260181
0.05488376	0.05769229
0.05706550	0.06052041
0.05804333	0.05938911
0.05700089	0.05599546
0.05351587	0.04920816
0.04901038	0.04751134
0.04652876	0.04807687
0.04823013	0.05260181
0.05407873	0.05769229
0.06277011	0.07126701
0.07286747	0.07466066
0.08321133	0.07975113
0.09288548	0.08653843
0.10112678	0.09615386
0.10734218	0.10180998
0.11121093	0.11029410
0.11278807	0.11651587
0.11254685	0.11764705
0.11132653	0.11142528
0.11017334	0.11368775
0.11009026	0.10803163
0.11173724	0.11142528
0.11515158	0.11085975
0.11960749	0.11877823
0.12379643	0.12047505
0.12642142	0.12613118
0.12694333	0.12386882
0.12602797	0.12556565
0.12553094	0.12386882
0.12806499	0.12217200
0.13604593	0.13009048
0.15010850	0.14875567
0.16818319	0.17251134
0.18705784	0.19852936
0.20459239	0.22398186
0.22029941	0.23359728
0.23463851	0.24208140
0.24801876	0.25226247
0.26013052	0.25509048
0.26983488	0.26187778
0.27557155	0.27658367
0.27622986	0.27488685
0.27213219	0.26923072
0.26522464	0.26527154
0.25812337	0.25904977
0.25290266	0.25791860
0.25049561	0.26018095
0.25077221	0.26074660
0.25293621	0.26187778
0.25594348	0.25791860
0.25881964	0.25169683
0.26085582	0.25000000
0.26169333	0.25509048
0.26132086	0.25452495
0.26002258	0.26074660
0.25831139	0.26527154
0.25684914	0.25961542
0.25630313	0.25509048
0.25703388	0.26074660
0.25860214	0.26357472
0.25949287	0.25904977
0.25764582	0.26187778
0.25159043	0.25904977
0.24131005	0.24377823
0.22830041	0.22624433
0.21485783	0.21323526
0.20310171	0.19570136
0.19434945	0.18721724
0.18906151	0.18552041
0.18710934	0.18552041
0.18804109	0.18665159
0.19122322	0.19852936
0.19595321	0.19796383
0.20164312	0.20814478
0.20797767	0.21945703
0.21487845	0.23020363
0.22228815	0.23303163
0.22993605	0.23981905
0.23724882	0.23699093
0.24353813	0.23416293
0.24847646	0.23868775
0.25253886	0.24943435
0.25685117	0.26131225
0.26230559	0.26809955
0.26864055	0.27488685
0.27427092	0.27488685
0.27702719	0.27545249
0.27533832	0.26696837
0.26899916	0.26131225
0.25903049	0.25452495
0.24700533	0.24717200
0.23448302	0.23472846
0.22277303	0.22058821
0.21285747	0.20531678
0.20533808	0.19966066
0.20043652	0.19004524
0.19808266	0.18665159
0.19803374	0.19117641
0.19994755	0.20418549
0.20338729	0.21097291
0.20780419	0.21662891
0.21254764	0.22454751
0.21693297	0.23303163
0.22034763	0.23642528
0.22235791	0.23529410
0.22277468	0.23755658
0.22165206	0.23190045
0.21922298	0.21889138
0.21580394	0.20531678
0.21170728	0.20475113
0.20718712	0.20701361
0.20242199	0.20531678
0.19752219	0.19626701
0.19254701	0.18947959
0.18752274	0.16911769
0.18245687	0.15497732
0.17734797	0.14536202
0.17219236	0.14253390
0.16698836	0.14423072
0.16173881	0.15384614
0.15645200	0.15271497
0.15114149	0.15045249
0.14582525	0.15554297
0.14052416	0.15328050
0.13526084	0.14819002
0.13005830	0.13857472
0.12493967	0.12952495
0.11992799	0.11538458
0.11504638	0.10803163
0.11031875	0.10067868
0.10577030	0.10237551
0.10142732	0.10407245
0.09731694	0.10520363
0.09346542	0.10294116
0.08989440	0.09558821
0.08661582	0.08880091
0.08362287	0.07975113
0.08087885	0.07579184
0.07830484	0.07126701
0.07577801	0.06561089
0.07316773	0.06278276
0.07045132	0.06561089
0.06789066	0.06730771
0.06602433	0.06787336
0.06517850	0.07183254
0.06506595	0.07296383
0.06532414	0.06900454
0.06609416	0.06730771
0.06774293	0.06957018
0.07034217	0.07239819
0.07346863	0.07409501
0.07633604	0.07748866
0.07814220	0.07579184
0.07847004	0.07183254
0.07749350	0.07013571
0.07583107	0.07183254
0.07419743	0.07239819
0.07311971	0.07635748
0.07284136	0.07748866
0.07336544	0.07861996
0.07454638	0.07409501
0.07617415	0.07239819
0.07803294	0.07579184
0.07993483	0.08031678
0.08173577	0.07918549
0.08333904	0.07918549
0.08468872	0.08257914
0.08575997	0.08484161
0.08654913	0.08314478
0.08706840	0.08993208
0.08734944	0.09671950
0.08745597	0.09671950
0.08750315	0.09898186
0.08766991	0.10294116
0.08818360	0.10067868
0.08926222	0.09445703
0.09103087	0.08936656
0.09346543	0.07975113
0.09640905	0.07975113
0.09965095	0.08710408
0.10301767	0.10011315
0.10642534	0.11595023
0.10987877	0.12895930
0.11342485	0.13574660
0.11708122	0.13461542
0.12076609	0.13348413
0.12425646	0.13235295
0.12720643	0.13009048
0.12924568	0.12500000
0.13012950	0.12556565
0.12986451	0.12839365
0.12872387	0.12839365
0.12714660	0.13065612
0.12558857	0.13461542
0.12440570	0.13009048
0.12380239	0.12386882
0.12383653	0.12047505
0.12445651	0.11425340
0.12554826	0.11085975
0.12697752	0.11538458
0.12862277	0.12330317
0.13039385	0.12613118
0.13224280	0.13631225
0.13416280	0.14309955
0.13618352	0.14819002
0.13836238	0.14592755
0.14077388	0.14762449
0.14349905	0.14762449
0.14661507	0.14762449
0.15018657	0.15101814
0.15425773	0.16006792
