0.00105338	0.00000000
0.01482678	0.01029539
0.01655695	0.02081466
0.02776309	0.02775288
0.03665365	0.03290057
0.03828083	0.03827214
0.03757502	0.03558636
0.03785704	0.03491497
0.03921483	0.03692925
0.04123627	0.04230082
0.04436319	0.04498661
0.04888825	0.04700089
0.05359629	0.05102956
0.05636096	0.05304384
0.05565652	0.04834378
0.05103643	0.04409134
0.04277784	0.04364371
0.03168193	0.03558636
0.01901105	0.02529097
0.00618650	0.01096690
-0.00559927	-0.00223815
-0.01557161	-0.02059084
-0.02334894	-0.03401971
-0.02884887	-0.03983885
-0.03222627	-0.04185319
-0.03383096	-0.04297227
-0.03414058	-0.03871977
-0.03366413	-0.03379589
-0.03285357	-0.03558642
-0.03205828	-0.03558642
-0.03152158	-0.03312445
-0.03139635	-0.02887195
-0.03176031	-0.02752912
-0.03262403	-0.02708149
-0.03394041	-0.02529097
-0.03562091	-0.02529097
-0.03756154	-0.03245300
-0.03966924	-0.03760070
-0.04188066	-0.04073411
-0.04416704	-0.04834378
-0.04652598	-0.06199640
-0.04896435	-0.06960607
-0.05147922	-0.07453001
-0.05404414	-0.07699192
-0.05660295	-0.07296330
-0.05907443	-0.06065351
-0.06136470	-0.05080575
-0.06338332	-0.04409134
-0.06505892	-0.04207700
-0.06634954	-0.04364371
-0.06724351	-0.05259621
-0.06775190	-0.06333929
-0.06789246	-0.07341093
-0.06767056	-0.08169204
-0.06706329	-0.08616829
-0.06601246	-0.08146822
-0.06443150	-0.07296330
-0.06222475	-0.06333929
-0.05931403	-0.05349147
-0.05566421	-0.04521036
-0.05129759	-0.04252464
-0.04629399	-0.04297227
-0.04077537	-0.04006267
-0.03488044	-0.03424352
-0.02873900	-0.02797675
-0.02245065	-0.02014327
-0.01607068	-0.01633841
-0.00959454	-0.01477170
-0.00293426	-0.00984782
0.00411157	0.00134289
0.01186857	0.01633835
0.02072138	0.03603399
0.03090765	0.04901516
0.04216360	0.05438673
0.05337907	0.05483437
0.06263499	0.05304384
0.06791246	0.05214858
0.06812799	0.06222022
0.06366362	0.07050133
0.05601276	0.06893468
0.04695077	0.06356311
0.03785281	0.04632950
0.02945197	0.02640998
0.02194373	0.01007164
0.01521205	0.00044763
0.00902255	0.00111902
0.00313276	0.00537157
-0.00265963	0.00358105
-0.00849820	0.00067139
-0.01444320	-0.00738585
-0.02042746	-0.02238137
-0.02620327	-0.03111011
-0.03133094	-0.03715307
-0.03528902	-0.04565799
-0.03770862	-0.04409134
-0.03857491	-0.04767233
-0.03820945	-0.04632944
-0.03706525	-0.04364371
-0.03552979	-0.03491497
-0.03384883	-0.03043866
-0.03214526	-0.02282900
-0.03046884	-0.02238137
-0.02884181	-0.02193373
-0.02728776	-0.02282900
-0.02584481	-0.02193373
-0.02456418	-0.01991946
-0.02349943	-0.01521933
-0.02268554	-0.01723367
-0.02211229	-0.02103847
-0.02169339	-0.02461952
-0.02123819	-0.02775294
-0.02044023	-0.03178155
-0.01889811	-0.02394807
-0.01618336	-0.01812893
-0.01195369	-0.01499552
-0.00608219	-0.00671440
0.00125284	0.00693822
0.00957288	0.01096690
0.01822296	0.01723361
0.02657682	0.02775288
0.03423425	0.03804839
0.04112618	0.05102956
0.04748546	0.06512976
0.05371886	0.07609665
0.06024036	0.08281112
0.06732671	0.08460164
0.07502428	0.07923007
0.08312052	0.07564902
0.09118246	0.07587290
0.09865718	0.08594453
0.10501134	0.08997309
0.10986382	0.09892571
0.11305264	0.11369741
0.11459467	0.12846911
0.11454545	0.12936437
0.11283717	0.12779772
0.10920821	0.11504030
0.10327359	0.09422565
0.09468935	0.07811105
0.08332999	0.06803942
0.06943357	0.06177258
0.05368337	0.05841541
0.03715433	0.04767239
0.02109134	0.02752912
0.00661189	0.00223815
-0.00550546	-0.01902419
-0.01486775	-0.03827214
-0.02139544	-0.04521036
-0.02521746	-0.04386753
-0.02658813	-0.03111011
-0.02583424	-0.02238137
-0.02331610	-0.01074308
-0.01939059	0.00134289
-0.01437639	0.00962400
-0.00852698	0.00716209
-0.00201569	0.00917637
0.00506610	0.00850487
0.01269724	0.00492394
0.02090150	0.00783348
0.02971066	0.01454794
0.03911677	0.03066254
0.04901871	0.05170095
0.05916893	0.07072520
0.06913220	0.08281112
0.07827943	0.09646380
0.08584847	0.09556854
0.09109680	0.09042072
0.09352665	0.08885407
0.09308851	0.08751118
0.09022886	0.08236349
0.08571885	0.08169198
0.08034820	0.08102059
0.07466149	0.07453001
0.06885627	0.06602502
0.06284294	0.06087732
0.05638909	0.05662489
0.04927390	0.04744852
0.04141032	0.04610562
0.03292132	0.04073405
0.02416432	0.03469110
0.01569459	0.02551472
0.00816214	0.01611459
0.00216407	0.00313342
-0.00189919	-0.00335723
-0.00390741	-0.01074308
-0.00401298	-0.01969564
-0.00256259	-0.01924801
0.00001510	-0.00447625
0.00330423	0.00693822
0.00695801	0.02014327
0.01071336	0.03424346
0.01437731	0.04341984
0.01780355	0.03804839
0.02087289	0.03782451
0.02348212	0.03178155
0.02554201	0.02663386
0.02698030	0.02439570
0.02774539	0.02573860
0.02781157	0.02238142
0.02717897	0.02036703
0.02587313	0.01454794
0.02394285	0.00828111
0.02145709	0.00179052
0.01850410	-0.00358105
0.01518828	-0.00895256
0.01162840	-0.00872874
0.00794829	-0.00067145
0.00426331	-0.00067145
0.00065714	0.00179052
-0.00283890	0.00290954
-0.00625586	0.00470006
-0.00967795	-0.00492388
-0.01321016	-0.01096690
-0.01693728	-0.02170992
-0.02089058	-0.03043866
-0.02503048	-0.03849596
-0.02925245	-0.04252464
-0.03340576	-0.04476273
-0.03731940	-0.04028648
-0.04082502	-0.03894359
-0.04377273	-0.04162937
-0.04604188	-0.04453892
-0.04754297	-0.04521036
-0.04821878	-0.04968667
-0.04804292	-0.05170101
-0.04701782	-0.04744852
-0.04517346	-0.04700089
-0.04256498	-0.04476273
-0.03926960	-0.04006267
-0.03538337	-0.03312445
-0.03101655	-0.02618623
-0.02628869	-0.01812893
-0.02132426	-0.01253355
-0.01624790	-0.00895256
-0.01118020	-0.00313342
-0.00623306	0.00559533
-0.00150655	0.01365268
0.00291476	0.01745749
0.00696442	0.01969564
0.01059509	0.02193379
0.01377732	0.01745749
